0 677.2 0
0.1 677.2 0.041997
0.2 677.2 0.0839941
0.3 677.2 0.125991
0.4 677.2 0.167988
0.5 677.2 0.209985
0.6 677.2 0.251982
0.7 677.2 0.293979
0.8 677.2 0.335976
0.9 677.2 0.377973
1 677.2 0.41997
1.1 677.2 0.461967
1.2 677.2 0.503964
1.3 677.2 0.545961
1.4 677.2 0.587958
1.5 677.2 0.629955
1.6 677.2 0.671952
1.7 677.2 0.713949
1.8 677.2 0.755946
1.9 677.201 0.797943
2 677.201 0.83994
2.1 677.201 0.881937
2.2 677.201 0.923934
2.3 677.201 0.965931
2.4 677.201 1.00793
2.5 677.201 1.04993
2.6 677.201 1.09192
2.7 677.201 1.13392
2.8 677.201 1.17592
2.9 677.201 1.21791
3 677.202 1.25991
3.1 677.202 1.30191
3.2 677.202 1.3439
3.3 677.202 1.3859
3.4 677.202 1.4279
3.5 677.202 1.46989
3.6 677.202 1.51189
3.7 677.202 1.55389
3.8 677.203 1.59588
3.9 677.203 1.63788
4 677.203 1.67988
4.1 677.203 1.72187
4.2 677.203 1.76387
4.3 677.203 1.80587
4.4 677.203 1.84786
4.5 677.204 1.88986
4.6 677.204 1.93186
4.7 677.204 1.97385
4.8 677.204 2.01585
4.9 677.204 2.05785
5 677.205 2.09984
5.1 677.205 2.14184
5.2 677.205 2.18384
5.3 677.205 2.22583
5.4 677.205 2.26783
5.5 677.206 2.30983
5.6 677.206 2.35182
5.7 677.206 2.39382
5.8 677.206 2.43582
5.9 677.207 2.47781
6 677.207 2.51981
6.1 677.207 2.56181
6.2 677.207 2.6038
6.3 677.208 2.6458
6.4 677.208 2.68779
6.5 677.208 2.72979
6.6 677.208 2.77179
6.7 677.209 2.81378
6.8 677.209 2.85578
6.9 677.209 2.89778
7 677.209 2.93977
7.1 677.21 2.98177
7.2 677.21 3.02376
7.3 677.21 3.06576
7.4 677.211 3.10776
7.5 677.211 3.14975
7.6 677.211 3.19175
7.7 677.211 3.23374
7.8 677.212 3.27574
7.9 677.212 3.31774
8 677.212 3.35973
8.1 677.213 3.40173
8.2 677.213 3.44372
8.3 677.213 3.48572
8.4 677.214 3.52772
8.5 677.214 3.56971
8.6 677.214 3.61171
8.7 677.215 3.6537
8.8 677.215 3.6957
8.9 677.215 3.73769
9 677.216 3.77969
9.1 677.216 3.82168
9.2 677.217 3.86368
9.3 677.217 3.90568
9.4 677.217 3.94767
9.5 677.218 3.98967
9.6 677.218 4.03166
9.7 677.218 4.07366
9.8 677.219 4.11565
9.9 677.219 4.15765
10 677.22 4.19964
10.1 677.22 4.24164
10.2 677.221 4.28363
10.3 677.221 4.32563
10.4 677.221 4.36762
10.5 677.222 4.40962
10.6 677.222 4.45161
10.7 677.223 4.49361
10.8 677.223 4.5356
10.9 677.224 4.5776
11 677.224 4.61959
11.1 677.224 4.66159
11.2 677.225 4.70358
11.3 677.225 4.74558
11.4 677.226 4.78757
11.5 677.226 4.82956
11.6 677.227 4.87156
11.7 677.227 4.91355
11.8 677.228 4.95555
11.9 677.228 4.99754
12 677.229 5.03954
12.1 677.229 5.08153
12.2 677.23 5.12352
12.3 677.23 5.16552
12.4 677.231 5.20751
12.5 677.231 5.24951
12.6 677.232 5.2915
12.7 677.232 5.3335
12.8 677.233 5.37549
12.9 677.233 5.41748
13 677.234 5.45948
13.1 677.234 5.50147
13.2 677.235 5.54346
13.3 677.235 5.58546
13.4 677.236 5.62745
13.5 677.237 5.66945
13.6 677.237 5.71144
13.7 677.238 5.75343
13.8 677.238 5.79543
13.9 677.239 5.83742
14 677.239 5.87941
14.1 677.24 5.92141
14.2 677.24 5.9634
14.3 677.241 6.00539
14.4 677.242 6.04738
14.5 677.242 6.08938
14.6 677.243 6.13137
14.7 677.243 6.17336
14.8 677.244 6.21536
14.9 677.245 6.25735
15 677.245 6.29934
15.1 677.246 6.34133
15.2 677.247 6.38333
15.3 677.247 6.42532
15.4 677.248 6.46731
15.5 677.248 6.5093
15.6 677.249 6.5513
15.7 677.25 6.59329
15.8 677.25 6.63528
15.9 677.251 6.67727
16 677.252 6.71927
16.1 677.252 6.76126
16.2 677.253 6.80325
16.3 677.254 6.84524
16.4 677.254 6.88723
16.5 677.255 6.92923
16.6 677.256 6.97122
16.7 677.256 7.01321
16.8 677.257 7.0552
16.9 677.258 7.09719
17 677.258 7.13918
17.1 677.259 7.18118
17.2 677.26 7.22317
17.3 677.261 7.26516
17.4 677.261 7.30715
17.5 677.262 7.34914
17.6 677.263 7.39113
17.7 677.263 7.43312
17.8 677.264 7.47511
17.9 677.265 7.5171
18 677.266 7.55909
18.1 677.266 7.60109
18.2 677.267 7.64308
18.3 677.268 7.68507
18.4 677.269 7.72706
18.5 677.269 7.76905
18.6 677.27 7.81104
18.7 677.271 7.85303
18.8 677.272 7.89502
18.9 677.273 7.93701
19 677.273 7.979
19.1 677.274 8.02099
19.2 677.275 8.06298
19.3 677.276 8.10497
19.4 677.277 8.14696
19.5 677.277 8.18895
19.6 677.278 8.23094
19.7 677.279 8.27293
19.8 677.28 8.31492
19.9 677.281 8.35691
20 677.281 8.3989
20.1 677.282 8.44088
20.2 677.283 8.48287
20.3 677.284 8.52486
20.4 677.285 8.56685
20.5 677.286 8.60884
20.6 677.286 8.65083
20.7 677.287 8.69282
20.8 677.288 8.73481
20.9 677.289 8.7768
21 677.29 8.81878
21.1 677.291 8.86077
21.2 677.292 8.90276
21.3 677.293 8.94475
21.4 677.293 8.98674
21.5 677.294 9.02873
21.6 677.295 9.07071
21.7 677.296 9.1127
21.8 677.297 9.15469
21.9 677.298 9.19668
22 677.299 9.23866
22.1 677.3 9.28065
22.2 677.301 9.32264
22.3 677.302 9.36463
22.4 677.302 9.40661
22.5 677.303 9.4486
22.6 677.304 9.49059
22.7 677.305 9.53258
22.8 677.306 9.57456
22.9 677.307 9.61655
23 677.308 9.65854
23.1 677.309 9.70052
23.2 677.31 9.74251
23.3 677.311 9.7845
23.4 677.312 9.82648
23.5 677.313 9.86847
23.6 677.314 9.91045
23.7 677.315 9.95244
23.8 677.316 9.99443
23.9 677.317 10.0364
24 677.318 10.0784
24.1 677.319 10.1204
24.2 677.32 10.1624
24.3 677.321 10.2044
24.4 677.322 10.2463
24.5 677.323 10.2883
24.6 677.324 10.3303
24.7 677.325 10.3723
24.8 677.326 10.4143
24.9 677.327 10.4563
25 677.328 10.4983
25.1 677.329 10.5402
25.2 677.33 10.5822
25.3 677.331 10.6242
25.4 677.332 10.6662
25.5 677.333 10.7082
25.6 677.334 10.7502
25.7 677.335 10.7921
25.8 677.336 10.8341
25.9 677.337 10.8761
26 677.339 10.9181
26.1 677.34 10.9601
26.2 677.341 11.0021
26.3 677.342 11.044
26.4 677.343 11.086
26.5 677.344 11.128
26.6 677.345 11.17
26.7 677.346 11.212
26.8 677.347 11.254
26.9 677.348 11.2959
27 677.35 11.3379
27.1 677.351 11.3799
27.2 677.352 11.4219
27.3 677.353 11.4639
27.4 677.354 11.5059
27.5 677.355 11.5478
27.6 677.356 11.5898
27.7 677.358 11.6318
27.8 677.359 11.6738
27.9 677.36 11.7158
28 677.361 11.7578
28.1 677.362 11.7997
28.2 677.363 11.8417
28.3 677.364 11.8837
28.4 677.366 11.9257
28.5 677.367 11.9677
28.6 677.368 12.0096
28.7 677.369 12.0516
28.8 677.37 12.0936
28.9 677.372 12.1356
29 677.373 12.1776
29.1 677.374 12.2195
29.2 677.375 12.2615
29.3 677.376 12.3035
29.4 677.378 12.3455
29.5 677.379 12.3875
29.6 677.38 12.4294
29.7 677.381 12.4714
29.8 677.383 12.5134
29.9 677.384 12.5554
30 677.385 12.5974
30.1 677.386 12.6393
30.2 677.388 12.6813
30.3 677.389 12.7233
30.4 677.39 12.7653
30.5 677.391 12.8073
30.6 677.393 12.8492
30.7 677.394 12.8912
30.8 677.395 12.9332
30.9 677.396 12.9752
31 677.398 13.0171
31.1 677.399 13.0591
31.2 677.4 13.1011
31.3 677.402 13.1431
31.4 677.403 13.1851
31.5 677.404 13.227
31.6 677.406 13.269
31.7 677.407 13.311
31.8 677.408 13.353
31.9 677.41 13.3949
32 677.411 13.4369
32.1 677.412 13.4789
32.2 677.414 13.5209
32.3 677.415 13.5629
32.4 677.416 13.6048
32.5 677.418 13.6468
32.6 677.419 13.6888
32.7 677.42 13.7308
32.8 677.422 13.7727
32.9 677.423 13.8147
33 677.424 13.8567
33.1 677.426 13.8987
33.2 677.427 13.9406
33.3 677.429 13.9826
33.4 677.43 14.0246
33.5 677.431 14.0666
33.6 677.433 14.1085
33.7 677.434 14.1505
33.8 677.435 14.1925
33.9 677.437 14.2345
34 677.438 14.2764
34.1 677.44 14.3184
34.2 677.441 14.3604
34.3 677.443 14.4024
34.4 677.444 14.4443
34.5 677.445 14.4863
34.6 677.447 14.5283
34.7 677.448 14.5703
34.8 677.45 14.6122
34.9 677.451 14.6542
35 677.453 14.6962
35.1 677.454 14.7381
35.2 677.456 14.7801
35.3 677.457 14.8221
35.4 677.459 14.8641
35.5 677.46 14.906
35.6 677.461 14.948
35.7 677.463 14.99
35.8 677.464 15.032
35.9 677.466 15.0739
36 677.467 15.1159
36.1 677.469 15.1579
36.2 677.47 15.1998
36.3 677.472 15.2418
36.4 677.473 15.2838
36.5 677.475 15.3258
36.6 677.477 15.3677
36.7 677.478 15.4097
36.8 677.48 15.4517
36.9 677.481 15.4936
37 677.483 15.5356
37.1 677.484 15.5776
37.2 677.486 15.6195
37.3 677.487 15.6615
37.4 677.489 15.7035
37.5 677.49 15.7455
37.6 677.492 15.7874
37.7 677.494 15.8294
37.8 677.495 15.8714
37.9 677.497 15.9133
38 677.498 15.9553
38.1 677.5 15.9973
38.2 677.501 16.0392
38.3 677.503 16.0812
38.4 677.505 16.1232
38.5 677.506 16.1651
38.6 677.508 16.2071
38.7 677.509 16.2491
38.8 677.511 16.291
38.9 677.513 16.333
39 677.514 16.375
39.1 677.516 16.4169
39.2 677.518 16.4589
39.3 677.519 16.5009
39.4 677.521 16.5428
39.5 677.522 16.5848
39.6 677.524 16.6268
39.7 677.526 16.6687
39.8 677.527 16.7107
39.9 677.529 16.7527
40 677.531 16.7946
40.1 677.532 16.8366
40.2 677.534 16.8786
40.3 677.536 16.9205
40.4 677.537 16.9625
40.5 677.539 17.0045
40.6 677.541 17.0464
40.7 677.543 17.0884
40.8 677.544 17.1304
40.9 677.546 17.1723
41 677.548 17.2143
41.1 677.549 17.2563
41.2 677.551 17.2982
41.3 677.553 17.3402
41.4 677.554 17.3821
41.5 677.556 17.4241
41.6 677.558 17.4661
41.7 677.56 17.508
41.8 677.561 17.55
41.9 677.563 17.592
42 677.565 17.6339
42.1 677.567 17.6759
42.2 677.568 17.7178
42.3 677.57 17.7598
42.4 677.572 17.8018
42.5 677.574 17.8437
42.6 677.575 17.8857
42.7 677.577 17.9277
42.8 677.579 17.9696
42.9 677.581 18.0116
43 677.583 18.0535
43.1 677.584 18.0955
43.2 677.586 18.1375
43.3 677.588 18.1794
43.4 677.59 18.2214
43.5 677.592 18.2633
43.6 677.593 18.3053
43.7 677.595 18.3473
43.8 677.597 18.3892
43.9 677.599 18.4312
44 677.601 18.4731
44.1 677.603 18.5151
44.2 677.604 18.5571
44.3 677.606 18.599
44.4 677.608 18.641
44.5 677.61 18.6829
44.6 677.612 18.7249
44.7 677.614 18.7668
44.8 677.616 18.8088
44.9 677.617 18.8508
45 677.619 18.8927
45.1 677.621 18.9347
45.2 677.623 18.9766
45.3 677.625 19.0186
45.4 677.627 19.0605
45.5 677.629 19.1025
45.6 677.631 19.1445
45.7 677.633 19.1864
45.8 677.634 19.2284
45.9 677.636 19.2703
46 677.638 19.3123
46.1 677.64 19.3542
46.2 677.642 19.3962
46.3 677.644 19.4381
46.4 677.646 19.4801
46.5 677.648 19.5221
46.6 677.65 19.564
46.7 677.652 19.606
46.8 677.654 19.6479
46.9 677.656 19.6899
47 677.658 19.7318
47.1 677.66 19.7738
47.2 677.662 19.8157
47.3 677.664 19.8577
47.4 677.666 19.8996
47.5 677.668 19.9416
47.6 677.67 19.9835
47.7 677.672 20.0255
47.8 677.673 20.0674
47.9 677.675 20.1094
48 677.677 20.1513
48.1 677.679 20.1933
48.2 677.682 20.2352
48.3 677.684 20.2772
48.4 677.686 20.3192
48.5 677.688 20.3611
48.6 677.69 20.4031
48.7 677.692 20.445
48.8 677.694 20.487
48.9 677.696 20.5289
49 677.698 20.5709
49.1 677.7 20.6128
49.2 677.702 20.6548
49.3 677.704 20.6967
49.4 677.706 20.7387
49.5 677.708 20.7806
49.6 677.71 20.8225
49.7 677.712 20.8645
49.8 677.714 20.9064
49.9 677.716 20.9484
50 677.718 20.9903
50.1 677.72 21.0323
50.2 677.723 21.0742
50.3 677.725 21.1162
50.4 677.727 21.1581
50.5 677.729 21.2001
50.6 677.731 21.242
50.7 677.733 21.284
50.8 677.735 21.3259
50.9 677.737 21.3679
51 677.739 21.4098
51.1 677.742 21.4518
51.2 677.744 21.4937
51.3 677.746 21.5356
51.4 677.748 21.5776
51.5 677.75 21.6195
51.6 677.752 21.6615
51.7 677.754 21.7034
51.8 677.757 21.7454
51.9 677.759 21.7873
52 677.761 21.8293
52.1 677.763 21.8712
52.2 677.765 21.9131
52.3 677.767 21.9551
52.4 677.77 21.997
52.5 677.772 22.039
52.6 677.774 22.0809
52.7 677.776 22.1229
52.8 677.778 22.1648
52.9 677.781 22.2067
53 677.783 22.2487
53.1 677.785 22.2906
53.2 677.787 22.3326
53.3 677.789 22.3745
53.4 677.792 22.4164
53.5 677.794 22.4584
53.6 677.796 22.5003
53.7 677.798 22.5423
53.8 677.801 22.5842
53.9 677.803 22.6261
54 677.805 22.6681
54.1 677.807 22.71
54.2 677.81 22.752
54.3 677.812 22.7939
54.4 677.814 22.8358
54.5 677.816 22.8778
54.6 677.819 22.9197
54.7 677.821 22.9617
54.8 677.823 23.0036
54.9 677.826 23.0455
55 677.828 23.0875
55.1 677.83 23.1294
55.2 677.833 23.1713
55.3 677.835 23.2133
55.4 677.837 23.2552
55.5 677.839 23.2972
55.6 677.842 23.3391
55.7 677.844 23.381
55.8 677.846 23.423
55.9 677.849 23.4649
56 677.851 23.5068
56.1 677.853 23.5488
56.2 677.856 23.5907
56.3 677.858 23.6326
56.4 677.86 23.6746
56.5 677.863 23.7165
56.6 677.865 23.7584
56.7 677.868 23.8004
56.8 677.87 23.8423
56.9 677.872 23.8842
57 677.875 23.9262
57.1 677.877 23.9681
57.2 677.879 24.01
57.3 677.882 24.052
57.4 677.884 24.0939
57.5 677.887 24.1358
57.6 677.889 24.1778
57.7 677.891 24.2197
57.8 677.894 24.2616
57.9 677.896 24.3036
58 677.899 24.3455
58.1 677.901 24.3874
58.2 677.904 24.4294
58.3 677.906 24.4713
58.4 677.908 24.5132
58.5 677.911 24.5551
58.6 677.913 24.5971
58.7 677.916 24.639
58.8 677.918 24.6809
58.9 677.921 24.7229
59 677.923 24.7648
59.1 677.926 24.8067
59.2 677.928 24.8486
59.3 677.931 24.8906
59.4 677.933 24.9325
59.5 677.935 24.9744
59.6 677.938 25.0164
59.7 677.94 25.0583
59.8 677.943 25.1002
59.9 677.945 25.1421
60 677.948 25.1841
60.1 677.95 25.226
60.2 677.953 25.2679
60.3 677.955 25.3098
60.4 677.958 25.3518
60.5 677.961 25.3937
60.6 677.963 25.4356
60.7 677.966 25.4775
60.8 677.968 25.5195
60.9 677.971 25.5614
61 677.973 25.6033
61.1 677.976 25.6452
61.2 677.978 25.6872
61.3 677.981 25.7291
61.4 677.983 25.771
61.5 677.986 25.8129
61.6 677.989 25.8548
61.7 677.991 25.8968
61.8 677.994 25.9387
61.9 677.996 25.9806
62 677.999 26.0225
62.1 678.001 26.0644
62.2 678.004 26.1064
62.3 678.007 26.1483
62.4 678.009 26.1902
62.5 678.012 26.2321
62.6 678.015 26.2741
62.7 678.017 26.316
62.8 678.02 26.3579
62.9 678.022 26.3998
63 678.025 26.4417
63.1 678.028 26.4836
63.2 678.03 26.5256
63.3 678.033 26.5675
63.4 678.036 26.6094
63.5 678.038 26.6513
63.6 678.041 26.6932
63.7 678.044 26.7352
63.8 678.046 26.7771
63.9 678.049 26.819
64 678.052 26.8609
64.1 678.054 26.9028
64.2 678.057 26.9447
64.3 678.06 26.9866
64.4 678.062 27.0286
64.5 678.065 27.0705
64.6 678.068 27.1124
64.7 678.07 27.1543
64.8 678.073 27.1962
64.9 678.076 27.2381
65 678.078 27.2801
65.1 678.081 27.322
65.2 678.084 27.3639
65.3 678.087 27.4058
65.4 678.089 27.4477
65.5 678.092 27.4896
65.6 678.095 27.5315
65.7 678.098 27.5734
65.8 678.1 27.6154
65.9 678.103 27.6573
66 678.106 27.6992
66.1 678.109 27.7411
66.2 678.111 27.783
66.3 678.114 27.8249
66.4 678.117 27.8668
66.5 678.12 27.9087
66.6 678.122 27.9506
66.7 678.125 27.9925
66.8 678.128 28.0345
66.9 678.131 28.0764
67 678.134 28.1183
67.1 678.136 28.1602
67.2 678.139 28.2021
67.3 678.142 28.244
67.4 678.145 28.2859
67.5 678.148 28.3278
67.6 678.15 28.3697
67.7 678.153 28.4116
67.8 678.156 28.4535
67.9 678.159 28.4954
68 678.162 28.5373
68.1 678.165 28.5792
68.2 678.167 28.6212
68.3 678.17 28.6631
68.4 678.173 28.705
68.5 678.176 28.7469
68.6 678.179 28.7888
68.7 678.182 28.8307
68.8 678.185 28.8726
68.9 678.188 28.9145
69 678.19 28.9564
69.1 678.193 28.9983
69.2 678.196 29.0402
69.3 678.199 29.0821
69.4 678.202 29.124
69.5 678.205 29.1659
69.6 678.208 29.2078
69.7 678.211 29.2497
69.8 678.214 29.2916
69.9 678.217 29.3335
70 678.219 29.3754
70.1 678.222 29.4173
70.2 678.225 29.4592
70.3 678.228 29.5011
70.4 678.231 29.543
70.5 678.234 29.5849
70.6 678.237 29.6268
70.7 678.24 29.6687
70.8 678.243 29.7106
70.9 678.246 29.7525
71 678.249 29.7944
71.1 678.252 29.8363
71.2 678.255 29.8782
71.3 678.258 29.9201
71.4 678.261 29.962
71.5 678.264 30.0039
71.6 678.267 30.0458
71.7 678.27 30.0877
71.8 678.273 30.1296
71.9 678.276 30.1715
72 678.279 30.2133
72.1 678.282 30.2552
72.2 678.285 30.2971
72.3 678.288 30.339
72.4 678.291 30.3809
72.5 678.294 30.4228
72.6 678.297 30.4647
72.7 678.3 30.5066
72.8 678.303 30.5485
72.9 678.306 30.5904
73 678.309 30.6323
73.1 678.312 30.6742
73.2 678.315 30.7161
73.3 678.318 30.758
73.4 678.321 30.7998
73.5 678.324 30.8417
73.6 678.327 30.8836
73.7 678.331 30.9255
73.8 678.334 30.9674
73.9 678.337 31.0093
74 678.34 31.0512
74.1 678.343 31.0931
74.2 678.346 31.135
74.3 678.349 31.1768
74.4 678.352 31.2187
74.5 678.355 31.2606
74.6 678.358 31.3025
74.7 678.362 31.3444
74.8 678.365 31.3863
74.9 678.368 31.4282
75 678.371 31.4701
75.1 678.374 31.5119
75.2 678.377 31.5538
75.3 678.38 31.5957
75.4 678.383 31.6376
75.5 678.387 31.6795
75.6 678.39 31.7214
75.7 678.393 31.7632
75.8 678.396 31.8051
75.9 678.399 31.847
76 678.402 31.8889
76.1 678.406 31.9308
76.2 678.409 31.9727
76.3 678.412 32.0145
76.4 678.415 32.0564
76.5 678.418 32.0983
76.6 678.422 32.1402
76.7 678.425 32.1821
76.8 678.428 32.2239
76.9 678.431 32.2658
77 678.434 32.3077
77.1 678.438 32.3496
77.2 678.441 32.3915
77.3 678.444 32.4333
77.4 678.447 32.4752
77.5 678.451 32.5171
77.6 678.454 32.559
77.7 678.457 32.6009
77.8 678.46 32.6427
77.9 678.464 32.6846
78 678.467 32.7265
78.1 678.47 32.7684
78.2 678.473 32.8102
78.3 678.477 32.8521
78.4 678.48 32.894
78.5 678.483 32.9359
78.6 678.486 32.9777
78.7 678.49 33.0196
78.8 678.493 33.0615
78.9 678.496 33.1034
79 678.5 33.1452
79.1 678.503 33.1871
79.2 678.506 33.229
79.3 678.51 33.2709
79.4 678.513 33.3127
79.5 678.516 33.3546
79.6 678.52 33.3965
79.7 678.523 33.4384
79.8 678.526 33.4802
79.9 678.53 33.5221
80 678.533 33.564
80.1 678.536 33.6058
80.2 678.54 33.6477
80.3 678.543 33.6896
80.4 678.546 33.7314
80.5 678.55 33.7733
80.6 678.553 33.8152
80.7 678.556 33.8571
80.8 678.56 33.8989
80.9 678.563 33.9408
81 678.567 33.9827
81.1 678.57 34.0245
81.2 678.573 34.0664
81.3 678.577 34.1083
81.4 678.58 34.1501
81.5 678.583 34.192
81.6 678.587 34.2339
81.7 678.59 34.2757
81.8 678.594 34.3176
81.9 678.597 34.3594
82 678.601 34.4013
82.1 678.604 34.4432
82.2 678.607 34.485
82.3 678.611 34.5269
82.4 678.614 34.5688
82.5 678.618 34.6106
82.6 678.621 34.6525
82.7 678.625 34.6944
82.8 678.628 34.7362
82.9 678.632 34.7781
83 678.635 34.8199
83.1 678.639 34.8618
83.2 678.642 34.9037
83.3 678.645 34.9455
83.4 678.649 34.9874
83.5 678.652 35.0292
83.6 678.656 35.0711
83.7 678.659 35.113
83.8 678.663 35.1548
83.9 678.666 35.1967
84 678.67 35.2385
84.1 678.673 35.2804
84.2 678.677 35.3222
84.3 678.68 35.3641
84.4 678.684 35.406
84.5 678.688 35.4478
84.6 678.691 35.4897
84.7 678.695 35.5315
84.8 678.698 35.5734
84.9 678.702 35.6152
85 678.705 35.6571
85.1 678.709 35.6989
85.2 678.712 35.7408
85.3 678.716 35.7826
85.4 678.72 35.8245
85.5 678.723 35.8664
85.6 678.727 35.9082
85.7 678.73 35.9501
85.8 678.734 35.9919
85.9 678.737 36.0338
86 678.741 36.0756
86.1 678.745 36.1175
86.2 678.748 36.1593
86.3 678.752 36.2012
86.4 678.755 36.243
86.5 678.759 36.2849
86.6 678.763 36.3267
86.7 678.766 36.3686
86.8 678.77 36.4104
86.9 678.774 36.4523
87 678.777 36.4941
87.1 678.781 36.5359
87.2 678.784 36.5778
87.3 678.788 36.6196
87.4 678.792 36.6615
87.5 678.795 36.7033
87.6 678.799 36.7452
87.7 678.803 36.787
87.8 678.806 36.8289
87.9 678.81 36.8707
88 678.814 36.9126
88.1 678.817 36.9544
88.2 678.821 36.9962
88.3 678.825 37.0381
88.4 678.828 37.0799
88.5 678.832 37.1218
88.6 678.836 37.1636
88.7 678.84 37.2055
88.8 678.843 37.2473
88.9 678.847 37.2891
89 678.851 37.331
89.1 678.854 37.3728
89.2 678.858 37.4147
89.3 678.862 37.4565
89.4 678.866 37.4983
89.5 678.869 37.5402
89.6 678.873 37.582
89.7 678.877 37.6239
89.8 678.881 37.6657
89.9 678.884 37.7075
90 678.888 37.7494
90.1 678.892 37.7912
90.2 678.896 37.833
90.3 678.899 37.8749
90.4 678.903 37.9167
90.5 678.907 37.9585
90.6 678.911 38.0004
90.7 678.915 38.0422
90.8 678.918 38.084
90.9 678.922 38.1259
91 678.926 38.1677
91.1 678.93 38.2095
91.2 678.934 38.2514
91.3 678.937 38.2932
91.4 678.941 38.335
91.5 678.945 38.3769
91.6 678.949 38.4187
91.7 678.953 38.4605
91.8 678.957 38.5024
91.9 678.96 38.5442
92 678.964 38.586
92.1 678.968 38.6279
92.2 678.972 38.6697
92.3 678.976 38.7115
92.4 678.98 38.7533
92.5 678.983 38.7952
92.6 678.987 38.837
92.7 678.991 38.8788
92.8 678.995 38.9207
92.9 678.999 38.9625
93 679.003 39.0043
93.1 679.007 39.0461
93.2 679.011 39.088
93.3 679.015 39.1298
93.4 679.018 39.1716
93.5 679.022 39.2134
93.6 679.026 39.2553
93.7 679.03 39.2971
93.8 679.034 39.3389
93.9 679.038 39.3807
94 679.042 39.4225
94.1 679.046 39.4644
94.2 679.05 39.5062
94.3 679.054 39.548
94.4 679.058 39.5898
94.5 679.062 39.6317
94.6 679.066 39.6735
94.7 679.07 39.7153
94.8 679.074 39.7571
94.9 679.077 39.7989
95 679.081 39.8408
95.1 679.085 39.8826
95.2 679.089 39.9244
95.3 679.093 39.9662
95.4 679.097 40.008
95.5 679.101 40.0498
95.6 679.105 40.0917
95.7 679.109 40.1335
95.8 679.113 40.1753
95.9 679.117 40.2171
96 679.121 40.2589
96.1 679.125 40.3007
96.2 679.129 40.3425
96.3 679.133 40.3844
96.4 679.137 40.4262
96.5 679.141 40.468
96.6 679.146 40.5098
96.7 679.15 40.5516
96.8 679.154 40.5934
96.9 679.158 40.6352
97 679.162 40.677
97.1 679.166 40.7189
97.2 679.17 40.7607
97.3 679.174 40.8025
97.4 679.178 40.8443
97.5 679.182 40.8861
97.6 679.186 40.9279
97.7 679.19 40.9697
97.8 679.194 41.0115
97.9 679.198 41.0533
98 679.202 41.0951
98.1 679.207 41.1369
98.2 679.211 41.1787
98.3 679.215 41.2206
98.4 679.219 41.2624
98.5 679.223 41.3042
98.6 679.227 41.346
98.7 679.231 41.3878
98.8 679.235 41.4296
98.9 679.24 41.4714
99 679.244 41.5132
99.1 679.248 41.555
99.2 679.252 41.5968
99.3 679.256 41.6386
99.4 679.26 41.6804
99.5 679.264 41.7222
99.6 679.269 41.764
99.7 679.273 41.8058
99.8 679.277 41.8476
99.9 679.281 41.8894
100 679.285 41.9312
100.1 679.289 41.973
100.2 679.294 42.0148
100.3 679.298 42.0566
100.4 679.302 42.0984
100.5 679.306 42.1402
100.6 679.31 42.182
100.7 679.315 42.2238
100.8 679.319 42.2656
100.9 679.323 42.3074
101 679.327 42.3492
101.1 679.331 42.391
101.2 679.336 42.4328
101.3 679.34 42.4746
101.4 679.344 42.5163
101.5 679.348 42.5581
101.6 679.353 42.5999
101.7 679.357 42.6417
101.8 679.361 42.6835
101.9 679.365 42.7253
102 679.37 42.7671
102.1 679.374 42.8089
102.2 679.378 42.8507
102.3 679.382 42.8925
102.4 679.387 42.9343
102.5 679.391 42.9761
102.6 679.395 43.0178
102.7 679.4 43.0596
102.8 679.404 43.1014
102.9 679.408 43.1432
103 679.413 43.185
103.1 679.417 43.2268
103.2 679.421 43.2686
103.3 679.425 43.3104
103.4 679.43 43.3521
103.5 679.434 43.3939
103.6 679.438 43.4357
103.7 679.443 43.4775
103.8 679.447 43.5193
103.9 679.451 43.5611
104 679.456 43.6028
104.1 679.46 43.6446
104.2 679.464 43.6864
104.3 679.469 43.7282
104.4 679.473 43.77
104.5 679.478 43.8118
104.6 679.482 43.8535
104.7 679.486 43.8953
104.8 679.491 43.9371
104.9 679.495 43.9789
105 679.499 44.0207
105.1 679.504 44.0624
105.2 679.508 44.1042
105.3 679.513 44.146
105.4 679.517 44.1878
105.5 679.521 44.2295
105.6 679.526 44.2713
105.7 679.53 44.3131
105.8 679.535 44.3549
105.9 679.539 44.3966
106 679.544 44.4384
106.1 679.548 44.4802
106.2 679.552 44.522
106.3 679.557 44.5637
106.4 679.561 44.6055
106.5 679.566 44.6473
106.6 679.57 44.6891
106.7 679.575 44.7308
106.8 679.579 44.7726
106.9 679.584 44.8144
107 679.588 44.8562
107.1 679.593 44.8979
107.2 679.597 44.9397
107.3 679.602 44.9815
107.4 679.606 45.0232
107.5 679.611 45.065
107.6 679.615 45.1068
107.7 679.619 45.1485
107.8 679.624 45.1903
107.9 679.629 45.2321
108 679.633 45.2738
108.1 679.638 45.3156
108.2 679.642 45.3574
108.3 679.647 45.3991
108.4 679.651 45.4409
108.5 679.656 45.4827
108.6 679.66 45.5244
108.7 679.665 45.5662
108.8 679.669 45.608
108.9 679.674 45.6497
109 679.678 45.6915
109.1 679.683 45.7332
109.2 679.687 45.775
109.3 679.692 45.8168
109.4 679.697 45.8585
109.5 679.701 45.9003
109.6 679.706 45.942
109.7 679.71 45.9838
109.8 679.715 46.0256
109.9 679.72 46.0673
110 679.724 46.1091
110.1 679.729 46.1508
110.2 679.733 46.1926
110.3 679.738 46.2343
110.4 679.743 46.2761
110.5 679.747 46.3179
110.6 679.752 46.3596
110.7 679.756 46.4014
110.8 679.761 46.4431
110.9 679.766 46.4849
111 679.77 46.5266
111.1 679.775 46.5684
111.2 679.78 46.6101
111.3 679.784 46.6519
111.4 679.789 46.6936
111.5 679.794 46.7354
111.6 679.798 46.7771
111.7 679.803 46.8189
111.8 679.808 46.8606
111.9 679.812 46.9024
112 679.817 46.9441
112.1 679.822 46.9859
112.2 679.826 47.0276
112.3 679.831 47.0694
112.4 679.836 47.1111
112.5 679.84 47.1529
112.6 679.845 47.1946
112.7 679.85 47.2364
112.8 679.855 47.2781
112.9 679.859 47.3199
113 679.864 47.3616
113.1 679.869 47.4034
113.2 679.873 47.4451
113.3 679.878 47.4868
113.4 679.883 47.5286
113.5 679.888 47.5703
113.6 679.892 47.6121
113.7 679.897 47.6538
113.8 679.902 47.6955
113.9 679.907 47.7373
114 679.911 47.779
114.1 679.916 47.8208
114.2 679.921 47.8625
114.3 679.926 47.9042
114.4 679.93 47.946
114.5 679.935 47.9877
114.6 679.94 48.0295
114.7 679.945 48.0712
114.8 679.95 48.1129
114.9 679.954 48.1547
115 679.959 48.1964
115.1 679.964 48.2381
115.2 679.969 48.2799
115.3 679.974 48.3216
115.4 679.979 48.3633
115.5 679.983 48.4051
115.6 679.988 48.4468
115.7 679.993 48.4885
115.8 679.998 48.5303
115.9 680.003 48.572
116 680.008 48.6137
116.1 680.012 48.6555
116.2 680.017 48.6972
116.3 680.022 48.7389
116.4 680.027 48.7807
116.5 680.032 48.8224
116.6 680.037 48.8641
116.7 680.042 48.9058
116.8 680.046 48.9476
116.9 680.051 48.9893
117 680.056 49.031
117.1 680.061 49.0727
117.2 680.066 49.1145
117.3 680.071 49.1562
117.4 680.076 49.1979
117.5 680.081 49.2396
117.6 680.086 49.2814
117.7 680.091 49.3231
117.8 680.095 49.3648
117.9 680.1 49.4065
118 680.105 49.4483
118.1 680.11 49.49
118.2 680.115 49.5317
118.3 680.12 49.5734
118.4 680.125 49.6151
118.5 680.13 49.6569
118.6 680.135 49.6986
118.7 680.14 49.7403
118.8 680.145 49.782
118.9 680.15 49.8237
119 680.155 49.8655
119.1 680.16 49.9072
119.2 680.165 49.9489
119.3 680.17 49.9906
119.4 680.175 50.0323
119.5 680.18 50.074
119.6 680.185 50.1157
119.7 680.19 50.1575
119.8 680.195 50.1992
119.9 680.2 50.2409
120 680.205 50.2826
120.1 680.21 50.3243
120.2 680.215 50.366
120.3 680.22 50.4077
120.4 680.225 50.4494
120.5 680.23 50.4912
120.6 680.235 50.5329
120.7 680.24 50.5746
120.8 680.245 50.6163
120.9 680.25 50.658
121 680.255 50.6997
121.1 680.26 50.7414
121.2 680.265 50.7831
121.3 680.27 50.8248
121.4 680.275 50.8665
121.5 680.281 50.9082
121.6 680.286 50.9499
121.7 680.291 50.9916
121.8 680.296 51.0333
121.9 680.301 51.075
122 680.306 51.1167
122.1 680.311 51.1585
122.2 680.316 51.2002
122.3 680.321 51.2419
122.4 680.326 51.2836
122.5 680.332 51.3253
122.6 680.337 51.367
122.7 680.342 51.4087
122.8 680.347 51.4504
122.9 680.352 51.4921
123 680.357 51.5338
123.1 680.362 51.5754
123.2 680.367 51.6171
123.3 680.373 51.6588
123.4 680.378 51.7005
123.5 680.383 51.7422
123.6 680.388 51.7839
123.7 680.393 51.8256
123.8 680.398 51.8673
123.9 680.404 51.909
124 680.409 51.9507
124.1 680.414 51.9924
124.2 680.419 52.0341
124.3 680.424 52.0758
124.4 680.43 52.1175
124.5 680.435 52.1592
124.6 680.44 52.2009
124.7 680.445 52.2425
124.8 680.45 52.2842
124.9 680.456 52.3259
125 680.461 52.3676
125.1 680.466 52.4093
125.2 680.471 52.451
125.3 680.476 52.4927
125.4 680.482 52.5344
125.5 680.487 52.576
125.6 680.492 52.6177
125.7 680.497 52.6594
125.8 680.503 52.7011
125.9 680.508 52.7428
126 680.513 52.7845
126.1 680.519 52.8261
126.2 680.524 52.8678
126.3 680.529 52.9095
126.4 680.534 52.9512
126.5 680.54 52.9929
126.6 680.545 53.0346
126.7 680.55 53.0762
126.8 680.555 53.1179
126.9 680.561 53.1596
127 680.566 53.2013
127.1 680.571 53.2429
127.2 680.577 53.2846
127.3 680.582 53.3263
127.4 680.587 53.368
127.5 680.593 53.4097
127.6 680.598 53.4513
127.7 680.603 53.493
127.8 680.609 53.5347
127.9 680.614 53.5764
128 680.619 53.618
128.1 680.625 53.6597
128.2 680.63 53.7014
128.3 680.635 53.743
128.4 680.641 53.7847
128.5 680.646 53.8264
128.6 680.652 53.8681
128.7 680.657 53.9097
128.8 680.662 53.9514
128.9 680.668 53.9931
129 680.673 54.0347
129.1 680.678 54.0764
129.2 680.684 54.1181
129.3 680.689 54.1597
129.4 680.695 54.2014
129.5 680.7 54.2431
129.6 680.705 54.2847
129.7 680.711 54.3264
129.8 680.716 54.3681
129.9 680.722 54.4097
130 680.727 54.4514
130.1 680.733 54.493
130.2 680.738 54.5347
130.3 680.744 54.5764
130.4 680.749 54.618
130.5 680.754 54.6597
130.6 680.76 54.7014
130.7 680.765 54.743
130.8 680.771 54.7847
130.9 680.776 54.8263
131 680.782 54.868
131.1 680.787 54.9096
131.2 680.793 54.9513
131.3 680.798 54.993
131.4 680.804 55.0346
131.5 680.809 55.0763
131.6 680.815 55.1179
131.7 680.82 55.1596
131.8 680.826 55.2012
131.9 680.831 55.2429
132 680.837 55.2845
132.1 680.842 55.3262
132.2 680.848 55.3678
132.3 680.853 55.4095
132.4 680.859 55.4511
132.5 680.864 55.4928
132.6 680.87 55.5344
132.7 680.875 55.5761
132.8 680.881 55.6177
132.9 680.886 55.6594
133 680.892 55.701
133.1 680.898 55.7427
133.2 680.903 55.7843
133.3 680.909 55.826
133.4 680.914 55.8676
133.5 680.92 55.9093
133.6 680.925 55.9509
133.7 680.931 55.9926
133.8 680.937 56.0342
133.9 680.942 56.0758
134 680.948 56.1175
134.1 680.953 56.1591
134.2 680.959 56.2008
134.3 680.965 56.2424
134.4 680.97 56.284
134.5 680.976 56.3257
134.6 680.981 56.3673
134.7 680.987 56.409
134.8 680.993 56.4506
134.9 680.998 56.4922
135 681.004 56.5339
135.1 681.01 56.5755
135.2 681.015 56.6171
135.3 681.021 56.6588
135.4 681.027 56.7004
135.5 681.032 56.7421
135.6 681.038 56.7837
135.7 681.044 56.8253
135.8 681.049 56.867
135.9 681.055 56.9086
136 681.061 56.9502
136.1 681.066 56.9918
136.2 681.072 57.0335
136.3 681.078 57.0751
136.4 681.083 57.1167
136.5 681.089 57.1584
136.6 681.095 57.2
136.7 681.1 57.2416
136.8 681.106 57.2833
136.9 681.112 57.3249
137 681.118 57.3665
137.1 681.123 57.4081
137.2 681.129 57.4498
137.3 681.135 57.4914
137.4 681.141 57.533
137.5 681.146 57.5746
137.6 681.152 57.6163
137.7 681.158 57.6579
137.8 681.164 57.6995
137.9 681.169 57.7411
138 681.175 57.7827
138.1 681.181 57.8244
138.2 681.187 57.866
138.3 681.192 57.9076
138.4 681.198 57.9492
138.5 681.204 57.9908
138.6 681.21 58.0325
138.7 681.216 58.0741
138.8 681.221 58.1157
138.9 681.227 58.1573
139 681.233 58.1989
139.1 681.239 58.2405
139.2 681.245 58.2821
139.3 681.25 58.3238
139.4 681.256 58.3654
139.5 681.262 58.407
139.6 681.268 58.4486
139.7 681.274 58.4902
139.8 681.28 58.5318
139.9 681.285 58.5734
140 681.291 58.615
140.1 681.297 58.6566
140.2 681.303 58.6983
140.3 681.309 58.7399
140.4 681.315 58.7815
140.5 681.321 58.8231
140.6 681.326 58.8647
140.7 681.332 58.9063
140.8 681.338 58.9479
140.9 681.344 58.9895
141 681.35 59.0311
141.1 681.356 59.0727
141.2 681.362 59.1143
141.3 681.368 59.1559
141.4 681.374 59.1975
141.5 681.379 59.2391
141.6 681.385 59.2807
141.7 681.391 59.3223
141.8 681.397 59.3639
141.9 681.403 59.4055
142 681.409 59.4471
142.1 681.415 59.4887
142.2 681.421 59.5303
142.3 681.427 59.5719
142.4 681.433 59.6135
142.5 681.439 59.6551
142.6 681.445 59.6967
142.7 681.451 59.7383
142.8 681.457 59.7799
142.9 681.463 59.8215
143 681.469 59.8631
143.1 681.475 59.9047
143.2 681.481 59.9463
143.3 681.487 59.9879
143.4 681.492 60.0294
143.5 681.498 60.071
143.6 681.504 60.1126
143.7 681.51 60.1542
143.8 681.516 60.1958
143.9 681.522 60.2374
144 681.529 60.279
144.1 681.535 60.3206
144.2 681.541 60.3621
144.3 681.547 60.4037
144.4 681.553 60.4453
144.5 681.559 60.4869
144.6 681.565 60.5285
144.7 681.571 60.5701
144.8 681.577 60.6117
144.9 681.583 60.6532
145 681.589 60.6948
145.1 681.595 60.7364
145.2 681.601 60.778
145.3 681.607 60.8196
145.4 681.613 60.8611
145.5 681.619 60.9027
145.6 681.625 60.9443
145.7 681.631 60.9859
145.8 681.637 61.0275
145.9 681.644 61.069
146 681.65 61.1106
146.1 681.656 61.1522
146.2 681.662 61.1938
146.3 681.668 61.2353
146.4 681.674 61.2769
146.5 681.68 61.3185
146.6 681.686 61.36
146.7 681.692 61.4016
146.8 681.699 61.4432
146.9 681.705 61.4848
147 681.711 61.5263
147.1 681.717 61.5679
147.2 681.723 61.6095
147.3 681.729 61.651
147.4 681.735 61.6926
147.5 681.742 61.7342
147.6 681.748 61.7757
147.7 681.754 61.8173
147.8 681.76 61.8589
147.9 681.766 61.9004
148 681.772 61.942
148.1 681.779 61.9836
148.2 681.785 62.0251
148.3 681.791 62.0667
148.4 681.797 62.1083
148.5 681.803 62.1498
148.6 681.81 62.1914
148.7 681.816 62.2329
148.8 681.822 62.2745
148.9 681.828 62.3161
149 681.834 62.3576
149.1 681.841 62.3992
149.2 681.847 62.4407
149.3 681.853 62.4823
149.4 681.859 62.5238
149.5 681.866 62.5654
149.6 681.872 62.607
149.7 681.878 62.6485
149.8 681.884 62.6901
149.9 681.891 62.7316
150 681.897 62.7732
150.1 681.903 62.8147
150.2 681.909 62.8563
150.3 681.916 62.8978
150.4 681.922 62.9394
150.5 681.928 62.9809
150.6 681.935 63.0225
150.7 681.941 63.064
150.8 681.947 63.1056
150.9 681.953 63.1471
151 681.96 63.1887
151.1 681.966 63.2302
151.2 681.972 63.2718
151.3 681.979 63.3133
151.4 681.985 63.3548
151.5 681.991 63.3964
151.6 681.998 63.4379
151.7 682.004 63.4795
151.8 682.01 63.521
151.9 682.017 63.5626
152 682.023 63.6041
152.1 682.029 63.6456
152.2 682.036 63.6872
152.3 682.042 63.7287
152.4 682.048 63.7703
152.5 682.055 63.8118
152.6 682.061 63.8533
152.7 682.068 63.8949
152.8 682.074 63.9364
152.9 682.08 63.9779
153 682.087 64.0195
153.1 682.093 64.061
153.2 682.099 64.1025
153.3 682.106 64.1441
153.4 682.112 64.1856
153.5 682.119 64.2271
153.6 682.125 64.2687
153.7 682.132 64.3102
153.8 682.138 64.3517
153.9 682.144 64.3933
154 682.151 64.4348
154.1 682.157 64.4763
154.2 682.164 64.5178
154.3 682.17 64.5594
154.4 682.177 64.6009
154.5 682.183 64.6424
154.6 682.189 64.6839
154.7 682.196 64.7255
154.8 682.202 64.767
154.9 682.209 64.8085
155 682.215 64.85
155.1 682.222 64.8916
155.2 682.228 64.9331
155.3 682.235 64.9746
155.4 682.241 65.0161
155.5 682.248 65.0576
155.6 682.254 65.0992
155.7 682.261 65.1407
155.8 682.267 65.1822
155.9 682.274 65.2237
156 682.28 65.2652
156.1 682.287 65.3068
156.2 682.293 65.3483
156.3 682.3 65.3898
156.4 682.306 65.4313
156.5 682.313 65.4728
156.6 682.319 65.5143
156.7 682.326 65.5558
156.8 682.332 65.5973
156.9 682.339 65.6389
157 682.346 65.6804
157.1 682.352 65.7219
157.2 682.359 65.7634
157.3 682.365 65.8049
157.4 682.372 65.8464
157.5 682.378 65.8879
157.6 682.385 65.9294
157.7 682.392 65.9709
157.8 682.398 66.0124
157.9 682.405 66.0539
158 682.411 66.0954
158.1 682.418 66.1369
158.2 682.425 66.1784
158.3 682.431 66.2199
158.4 682.438 66.2614
158.5 682.444 66.3029
158.6 682.451 66.3445
158.7 682.458 66.386
158.8 682.464 66.4274
158.9 682.471 66.4689
159 682.478 66.5104
159.1 682.484 66.5519
159.2 682.491 66.5934
159.3 682.497 66.6349
159.4 682.504 66.6764
159.5 682.511 66.7179
159.6 682.517 66.7594
159.7 682.524 66.8009
159.8 682.531 66.8424
159.9 682.537 66.8839
160 682.544 66.9254
160.1 682.551 66.9669
160.2 682.557 67.0084
160.3 682.564 67.0499
160.4 682.571 67.0914
160.5 682.578 67.1328
160.6 682.584 67.1743
160.7 682.591 67.2158
160.8 682.598 67.2573
160.9 682.604 67.2988
161 682.611 67.3403
161.1 682.618 67.3818
161.2 682.625 67.4232
161.3 682.631 67.4647
161.4 682.638 67.5062
161.5 682.645 67.5477
161.6 682.651 67.5892
161.7 682.658 67.6307
161.8 682.665 67.6721
161.9 682.672 67.7136
162 682.679 67.7551
162.1 682.685 67.7966
162.2 682.692 67.838
162.3 682.699 67.8795
162.4 682.706 67.921
162.5 682.712 67.9625
162.6 682.719 68.004
162.7 682.726 68.0454
162.8 682.733 68.0869
162.9 682.74 68.1284
163 682.746 68.1698
163.1 682.753 68.2113
163.2 682.76 68.2528
163.3 682.767 68.2943
163.4 682.774 68.3357
163.5 682.78 68.3772
163.6 682.787 68.4187
163.7 682.794 68.4601
163.8 682.801 68.5016
163.9 682.808 68.5431
164 682.815 68.5845
164.1 682.821 68.626
164.2 682.828 68.6675
164.3 682.835 68.7089
164.4 682.842 68.7504
164.5 682.849 68.7919
164.6 682.856 68.8333
164.7 682.863 68.8748
164.8 682.869 68.9162
164.9 682.876 68.9577
165 682.883 68.9992
165.1 682.89 69.0406
165.2 682.897 69.0821
165.3 682.904 69.1235
165.4 682.911 69.165
165.5 682.918 69.2065
165.6 682.925 69.2479
165.7 682.932 69.2894
165.8 682.938 69.3308
165.9 682.945 69.3723
166 682.952 69.4137
166.1 682.959 69.4552
166.2 682.966 69.4966
166.3 682.973 69.5381
166.4 682.98 69.5795
166.5 682.987 69.621
166.6 682.994 69.6624
166.7 683.001 69.7039
166.8 683.008 69.7453
166.9 683.015 69.7868
167 683.022 69.8282
167.1 683.029 69.8697
167.2 683.036 69.9111
167.3 683.043 69.9526
167.4 683.05 69.994
167.5 683.057 70.0354
167.6 683.064 70.0769
167.7 683.071 70.1183
167.8 683.078 70.1598
167.9 683.085 70.2012
168 683.092 70.2427
168.1 683.099 70.2841
168.2 683.106 70.3255
168.3 683.113 70.367
168.4 683.12 70.4084
168.5 683.127 70.4498
168.6 683.134 70.4913
168.7 683.141 70.5327
168.8 683.148 70.5742
168.9 683.155 70.6156
169 683.162 70.657
169.1 683.169 70.6985
169.2 683.176 70.7399
169.3 683.183 70.7813
169.4 683.19 70.8227
169.5 683.197 70.8642
169.6 683.204 70.9056
169.7 683.212 70.947
169.8 683.219 70.9885
169.9 683.226 71.0299
170 683.233 71.0713
170.1 683.24 71.1127
170.2 683.247 71.1542
170.3 683.254 71.1956
170.4 683.261 71.237
170.5 683.268 71.2784
170.6 683.275 71.3199
170.7 683.283 71.3613
170.8 683.29 71.4027
170.9 683.297 71.4441
171 683.304 71.4855
171.1 683.311 71.527
171.2 683.318 71.5684
171.3 683.325 71.6098
171.4 683.333 71.6512
171.5 683.34 71.6926
171.6 683.347 71.7341
171.7 683.354 71.7755
171.8 683.361 71.8169
171.9 683.368 71.8583
172 683.375 71.8997
172.1 683.383 71.9411
172.2 683.39 71.9825
172.3 683.397 72.024
172.4 683.404 72.0654
172.5 683.411 72.1068
172.6 683.419 72.1482
172.7 683.426 72.1896
172.8 683.433 72.231
172.9 683.44 72.2724
173 683.447 72.3138
173.1 683.455 72.3552
173.2 683.462 72.3966
173.3 683.469 72.438
173.4 683.476 72.4794
173.5 683.484 72.5208
173.6 683.491 72.5622
173.7 683.498 72.6036
173.8 683.505 72.645
173.9 683.513 72.6864
174 683.52 72.7278
174.1 683.527 72.7692
174.2 683.534 72.8106
174.3 683.542 72.852
174.4 683.549 72.8934
174.5 683.556 72.9348
174.6 683.563 72.9762
174.7 683.571 73.0176
174.8 683.578 73.059
174.9 683.585 73.1004
175 683.593 73.1418
175.1 683.6 73.1832
175.2 683.607 73.2246
175.3 683.615 73.266
175.4 683.622 73.3074
175.5 683.629 73.3488
175.6 683.637 73.3901
175.7 683.644 73.4315
175.8 683.651 73.4729
175.9 683.659 73.5143
176 683.666 73.5557
176.1 683.673 73.5971
176.2 683.681 73.6385
176.3 683.688 73.6798
176.4 683.695 73.7212
176.5 683.703 73.7626
176.6 683.71 73.804
176.7 683.717 73.8454
176.8 683.725 73.8868
176.9 683.732 73.9281
177 683.74 73.9695
177.1 683.747 74.0109
177.2 683.754 74.0523
177.3 683.762 74.0936
177.4 683.769 74.135
177.5 683.776 74.1764
177.6 683.784 74.2178
177.7 683.791 74.2592
177.8 683.799 74.3005
177.9 683.806 74.3419
178 683.814 74.3833
178.1 683.821 74.4246
178.2 683.828 74.466
178.3 683.836 74.5074
178.4 683.843 74.5488
178.5 683.851 74.5901
178.6 683.858 74.6315
178.7 683.866 74.6729
178.8 683.873 74.7142
178.9 683.881 74.7556
179 683.888 74.797
179.1 683.896 74.8383
179.2 683.903 74.8797
179.3 683.91 74.921
179.4 683.918 74.9624
179.5 683.925 75.0038
179.6 683.933 75.0451
179.7 683.94 75.0865
179.8 683.948 75.1278
179.9 683.955 75.1692
180 683.963 75.2106
180.1 683.97 75.2519
180.2 683.978 75.2933
180.3 683.985 75.3346
180.4 683.993 75.376
180.5 684 75.4173
180.6 684.008 75.4587
180.7 684.016 75.5001
180.8 684.023 75.5414
180.9 684.031 75.5828
181 684.038 75.6241
181.1 684.046 75.6655
181.2 684.053 75.7068
181.3 684.061 75.7482
181.4 684.068 75.7895
181.5 684.076 75.8309
181.6 684.084 75.8722
181.7 684.091 75.9135
181.8 684.099 75.9549
181.9 684.106 75.9962
182 684.114 76.0376
182.1 684.121 76.0789
182.2 684.129 76.1203
182.3 684.137 76.1616
182.4 684.144 76.2029
182.5 684.152 76.2443
182.6 684.16 76.2856
182.7 684.167 76.327
182.8 684.175 76.3683
182.9 684.182 76.4096
183 684.19 76.451
183.1 684.198 76.4923
183.2 684.205 76.5337
183.3 684.213 76.575
183.4 684.221 76.6163
183.5 684.228 76.6577
183.6 684.236 76.699
183.7 684.244 76.7403
183.8 684.251 76.7816
183.9 684.259 76.823
184 684.267 76.8643
184.1 684.274 76.9056
184.2 684.282 76.947
184.3 684.29 76.9883
184.4 684.297 77.0296
184.5 684.305 77.0709
184.6 684.313 77.1123
184.7 684.32 77.1536
184.8 684.328 77.1949
184.9 684.336 77.2362
185 684.343 77.2776
185.1 684.351 77.3189
185.2 684.359 77.3602
185.3 684.367 77.4015
185.4 684.374 77.4428
185.5 684.382 77.4842
185.6 684.39 77.5255
185.7 684.398 77.5668
185.8 684.405 77.6081
185.9 684.413 77.6494
186 684.421 77.6907
186.1 684.429 77.7321
186.2 684.436 77.7734
186.3 684.444 77.8147
186.4 684.452 77.856
186.5 684.46 77.8973
186.6 684.467 77.9386
186.7 684.475 77.9799
186.8 684.483 78.0212
186.9 684.491 78.0626
187 684.499 78.1039
187.1 684.506 78.1452
187.2 684.514 78.1865
187.3 684.522 78.2278
187.4 684.53 78.2691
187.5 684.538 78.3104
187.6 684.545 78.3517
187.7 684.553 78.393
187.8 684.561 78.4343
187.9 684.569 78.4756
188 684.577 78.5169
188.1 684.585 78.5582
188.2 684.592 78.5995
188.3 684.6 78.6408
188.4 684.608 78.6821
188.5 684.616 78.7234
188.6 684.624 78.7647
188.7 684.632 78.806
188.8 684.64 78.8473
188.9 684.648 78.8886
189 684.655 78.9299
189.1 684.663 78.9712
189.2 684.671 79.0124
189.3 684.679 79.0537
189.4 684.687 79.095
189.5 684.695 79.1363
189.6 684.703 79.1776
189.7 684.711 79.2189
189.8 684.719 79.2602
189.9 684.726 79.3015
190 684.734 79.3428
190.1 684.742 79.384
190.2 684.75 79.4253
190.3 684.758 79.4666
190.4 684.766 79.5079
190.5 684.774 79.5492
190.6 684.782 79.5904
190.7 684.79 79.6317
190.8 684.798 79.673
190.9 684.806 79.7143
191 684.814 79.7556
191.1 684.822 79.7968
191.2 684.83 79.8381
191.3 684.838 79.8794
191.4 684.846 79.9207
191.5 684.854 79.9619
191.6 684.862 80.0032
191.7 684.87 80.0445
191.8 684.878 80.0858
191.9 684.886 80.127
192 684.894 80.1683
192.1 684.902 80.2096
192.2 684.91 80.2508
192.3 684.918 80.2921
192.4 684.926 80.3334
192.5 684.934 80.3746
192.6 684.942 80.4159
192.7 684.95 80.4572
192.8 684.958 80.4984
192.9 684.966 80.5397
193 684.974 80.581
193.1 684.982 80.6222
193.2 684.99 80.6635
193.3 684.998 80.7048
193.4 685.006 80.746
193.5 685.014 80.7873
193.6 685.022 80.8285
193.7 685.03 80.8698
193.8 685.038 80.911
193.9 685.046 80.9523
194 685.055 80.9936
194.1 685.063 81.0348
194.2 685.071 81.0761
194.3 685.079 81.1173
194.4 685.087 81.1586
194.5 685.095 81.1998
194.6 685.103 81.2411
194.7 685.111 81.2823
194.8 685.119 81.3236
194.9 685.127 81.3648
195 685.136 81.4061
195.1 685.144 81.4473
195.2 685.152 81.4886
195.3 685.16 81.5298
195.4 685.168 81.5711
195.5 685.176 81.6123
195.6 685.184 81.6535
195.7 685.193 81.6948
195.8 685.201 81.736
195.9 685.209 81.7773
196 685.217 81.8185
196.1 685.225 81.8598
196.2 685.233 81.901
196.3 685.242 81.9422
196.4 685.25 81.9835
196.5 685.258 82.0247
196.6 685.266 82.0659
196.7 685.274 82.1072
196.8 685.283 82.1484
196.9 685.291 82.1896
197 685.299 82.2309
197.1 685.307 82.2721
197.2 685.315 82.3133
197.3 685.324 82.3546
197.4 685.332 82.3958
197.5 685.34 82.437
197.6 685.348 82.4783
197.7 685.357 82.5195
197.8 685.365 82.5607
197.9 685.373 82.6019
198 685.381 82.6432
198.1 685.39 82.6844
198.2 685.398 82.7256
198.3 685.406 82.7668
198.4 685.414 82.808
198.5 685.423 82.8493
198.6 685.431 82.8905
198.7 685.439 82.9317
198.8 685.447 82.9729
198.9 685.456 83.0141
199 685.464 83.0554
199.1 685.472 83.0966
199.2 685.481 83.1378
199.3 685.489 83.179
199.4 685.497 83.2202
199.5 685.506 83.2614
199.6 685.514 83.3027
199.7 685.522 83.3439
199.8 685.53 83.3851
199.9 685.539 83.4263
200 685.547 83.4675
200.1 685.555 83.5087
200.2 685.564 83.5499
200.3 685.572 83.5911
200.4 685.581 83.6323
200.5 685.589 83.6735
200.6 685.597 83.7147
200.7 685.606 83.7559
200.8 685.614 83.7971
200.9 685.622 83.8383
201 685.631 83.8795
201.1 685.639 83.9207
201.2 685.647 83.9619
201.3 685.656 84.0031
201.4 685.664 84.0443
201.5 685.673 84.0855
201.6 685.681 84.1267
201.7 685.689 84.1679
201.8 685.698 84.2091
201.9 685.706 84.2503
202 685.715 84.2915
202.1 685.723 84.3327
202.2 685.731 84.3739
202.3 685.74 84.4151
202.4 685.748 84.4563
202.5 685.757 84.4975
202.6 685.765 84.5387
202.7 685.774 84.5798
202.8 685.782 84.621
202.9 685.791 84.6622
203 685.799 84.7034
203.1 685.807 84.7446
203.2 685.816 84.7858
203.3 685.824 84.827
203.4 685.833 84.8681
203.5 685.841 84.9093
203.6 685.85 84.9505
203.7 685.858 84.9917
203.8 685.867 85.0329
203.9 685.875 85.074
204 685.884 85.1152
204.1 685.892 85.1564
204.2 685.901 85.1976
204.3 685.909 85.2387
204.4 685.918 85.2799
204.5 685.926 85.3211
204.6 685.935 85.3623
204.7 685.943 85.4034
204.8 685.952 85.4446
204.9 685.96 85.4858
205 685.969 85.527
205.1 685.978 85.5681
205.2 685.986 85.6093
205.3 685.995 85.6505
205.4 686.003 85.6916
205.5 686.012 85.7328
205.6 686.02 85.774
205.7 686.029 85.8151
205.8 686.037 85.8563
205.9 686.046 85.8974
206 686.055 85.9386
206.1 686.063 85.9798
206.2 686.072 86.0209
206.3 686.08 86.0621
206.4 686.089 86.1032
206.5 686.098 86.1444
206.6 686.106 86.1856
206.7 686.115 86.2267
206.8 686.123 86.2679
206.9 686.132 86.309
207 686.141 86.3502
207.1 686.149 86.3913
207.2 686.158 86.4325
207.3 686.166 86.4736
207.4 686.175 86.5148
207.5 686.184 86.5559
207.6 686.192 86.5971
207.7 686.201 86.6382
207.8 686.21 86.6794
207.9 686.218 86.7205
208 686.227 86.7617
208.1 686.236 86.8028
208.2 686.244 86.844
208.3 686.253 86.8851
208.4 686.262 86.9262
208.5 686.27 86.9674
208.6 686.279 87.0085
208.7 686.288 87.0497
208.8 686.296 87.0908
208.9 686.305 87.1319
209 686.314 87.1731
209.1 686.323 87.2142
209.2 686.331 87.2554
209.3 686.34 87.2965
209.4 686.349 87.3376
209.5 686.357 87.3788
209.6 686.366 87.4199
209.7 686.375 87.461
209.8 686.384 87.5022
209.9 686.392 87.5433
210 686.401 87.5844
210.1 686.41 87.6255
210.2 686.419 87.6667
210.3 686.427 87.7078
210.4 686.436 87.7489
210.5 686.445 87.79
210.6 686.454 87.8312
210.7 686.462 87.8723
210.8 686.471 87.9134
210.9 686.48 87.9545
211 686.489 87.9957
211.1 686.498 88.0368
211.2 686.506 88.0779
211.3 686.515 88.119
211.4 686.524 88.1601
211.5 686.533 88.2013
211.6 686.542 88.2424
211.7 686.55 88.2835
211.8 686.559 88.3246
211.9 686.568 88.3657
212 686.577 88.4068
212.1 686.586 88.4479
212.2 686.595 88.489
212.3 686.603 88.5302
212.4 686.612 88.5713
212.5 686.621 88.6124
212.6 686.63 88.6535
212.7 686.639 88.6946
212.8 686.648 88.7357
212.9 686.656 88.7768
213 686.665 88.8179
213.1 686.674 88.859
213.2 686.683 88.9001
213.3 686.692 88.9412
213.4 686.701 88.9823
213.5 686.71 89.0234
213.6 686.719 89.0645
213.7 686.728 89.1056
213.8 686.736 89.1467
213.9 686.745 89.1878
214 686.754 89.2289
214.1 686.763 89.27
214.2 686.772 89.3111
214.3 686.781 89.3522
214.4 686.79 89.3933
214.5 686.799 89.4344
214.6 686.808 89.4755
214.7 686.817 89.5166
214.8 686.826 89.5576
214.9 686.835 89.5987
215 686.844 89.6398
215.1 686.852 89.6809
215.2 686.861 89.722
215.3 686.87 89.7631
215.4 686.879 89.8042
215.5 686.888 89.8452
215.6 686.897 89.8863
215.7 686.906 89.9274
215.8 686.915 89.9685
215.9 686.924 90.0096
216 686.933 90.0507
216.1 686.942 90.0917
216.2 686.951 90.1328
216.3 686.96 90.1739
216.4 686.969 90.215
216.5 686.978 90.256
216.6 686.987 90.2971
216.7 686.996 90.3382
216.8 687.005 90.3793
216.9 687.014 90.4203
217 687.023 90.4614
217.1 687.032 90.5025
217.2 687.041 90.5435
217.3 687.051 90.5846
217.4 687.06 90.6257
217.5 687.069 90.6667
217.6 687.078 90.7078
217.7 687.087 90.7489
217.8 687.096 90.7899
217.9 687.105 90.831
218 687.114 90.8721
218.1 687.123 90.9131
218.2 687.132 90.9542
218.3 687.141 90.9952
218.4 687.15 91.0363
218.5 687.159 91.0774
218.6 687.168 91.1184
218.7 687.178 91.1595
218.8 687.187 91.2005
218.9 687.196 91.2416
219 687.205 91.2826
219.1 687.214 91.3237
219.2 687.223 91.3647
219.3 687.232 91.4058
219.4 687.241 91.4468
219.5 687.25 91.4879
219.6 687.26 91.5289
219.7 687.269 91.57
219.8 687.278 91.611
219.9 687.287 91.6521
220 687.296 91.6931
220.1 687.305 91.7342
220.2 687.315 91.7752
220.3 687.324 91.8163
220.4 687.333 91.8573
220.5 687.342 91.8983
220.6 687.351 91.9394
220.7 687.36 91.9804
220.8 687.37 92.0215
220.9 687.379 92.0625
221 687.388 92.1035
221.1 687.397 92.1446
221.2 687.406 92.1856
221.3 687.416 92.2266
221.4 687.425 92.2677
221.5 687.434 92.3087
221.6 687.443 92.3497
221.7 687.452 92.3908
221.8 687.462 92.4318
221.9 687.471 92.4728
222 687.48 92.5139
222.1 687.489 92.5549
222.2 687.499 92.5959
222.3 687.508 92.6369
222.4 687.517 92.678
222.5 687.526 92.719
222.6 687.536 92.76
222.7 687.545 92.801
222.8 687.554 92.8421
222.9 687.563 92.8831
223 687.573 92.9241
223.1 687.582 92.9651
223.2 687.591 93.0061
223.3 687.601 93.0471
223.4 687.61 93.0882
223.5 687.619 93.1292
223.6 687.629 93.1702
223.7 687.638 93.2112
223.8 687.647 93.2522
223.9 687.656 93.2932
224 687.666 93.3342
224.1 687.675 93.3752
224.2 687.684 93.4163
224.3 687.694 93.4573
224.4 687.703 93.4983
224.5 687.712 93.5393
224.6 687.722 93.5803
224.7 687.731 93.6213
224.8 687.74 93.6623
224.9 687.75 93.7033
225 687.759 93.7443
225.1 687.769 93.7853
225.2 687.778 93.8263
225.3 687.787 93.8673
225.4 687.797 93.9083
225.5 687.806 93.9493
225.6 687.815 93.9903
225.7 687.825 94.0313
225.8 687.834 94.0723
225.9 687.844 94.1133
226 687.853 94.1543
226.1 687.862 94.1953
226.2 687.872 94.2363
226.3 687.881 94.2772
226.4 687.891 94.3182
226.5 687.9 94.3592
226.6 687.909 94.4002
226.7 687.919 94.4412
226.8 687.928 94.4822
226.9 687.938 94.5232
227 687.947 94.5642
227.1 687.957 94.6051
227.2 687.966 94.6461
227.3 687.976 94.6871
227.4 687.985 94.7281
227.5 687.994 94.7691
227.6 688.004 94.81
227.7 688.013 94.851
227.8 688.023 94.892
227.9 688.032 94.933
228 688.042 94.974
228.1 688.051 95.0149
228.2 688.061 95.0559
228.3 688.07 95.0969
228.4 688.08 95.1378
228.5 688.089 95.1788
228.6 688.099 95.2198
228.7 688.108 95.2608
228.8 688.118 95.3017
228.9 688.127 95.3427
229 688.137 95.3837
229.1 688.146 95.4246
229.2 688.156 95.4656
229.3 688.166 95.5066
229.4 688.175 95.5475
229.5 688.185 95.5885
229.6 688.194 95.6294
229.7 688.204 95.6704
229.8 688.213 95.7114
229.9 688.223 95.7523
230 688.232 95.7933
230.1 688.242 95.8342
230.2 688.252 95.8752
230.3 688.261 95.9161
230.4 688.271 95.9571
230.5 688.28 95.9981
230.6 688.29 96.039
230.7 688.299 96.08
230.8 688.309 96.1209
230.9 688.319 96.1619
231 688.328 96.2028
231.1 688.338 96.2438
231.2 688.347 96.2847
231.3 688.357 96.3256
231.4 688.367 96.3666
231.5 688.376 96.4075
231.6 688.386 96.4485
231.7 688.396 96.4894
231.8 688.405 96.5304
231.9 688.415 96.5713
232 688.425 96.6122
232.1 688.434 96.6532
232.2 688.444 96.6941
232.3 688.453 96.7351
232.4 688.463 96.776
232.5 688.473 96.8169
232.6 688.482 96.8579
232.7 688.492 96.8988
232.8 688.502 96.9397
232.9 688.512 96.9807
233 688.521 97.0216
233.1 688.531 97.0625
233.2 688.541 97.1035
233.3 688.55 97.1444
233.4 688.56 97.1853
233.5 688.57 97.2262
233.6 688.579 97.2672
233.7 688.589 97.3081
233.8 688.599 97.349
233.9 688.609 97.3899
234 688.618 97.4308
234.1 688.628 97.4718
234.2 688.638 97.5127
234.3 688.648 97.5536
234.4 688.657 97.5945
234.5 688.667 97.6354
234.6 688.677 97.6764
234.7 688.687 97.7173
234.8 688.696 97.7582
234.9 688.706 97.7991
235 688.716 97.84
235.1 688.726 97.8809
235.2 688.735 97.9218
235.3 688.745 97.9627
235.4 688.755 98.0037
235.5 688.765 98.0446
235.6 688.775 98.0855
235.7 688.784 98.1264
235.8 688.794 98.1673
235.9 688.804 98.2082
236 688.814 98.2491
236.1 688.824 98.29
236.2 688.833 98.3309
236.3 688.843 98.3718
236.4 688.853 98.4127
236.5 688.863 98.4536
236.6 688.873 98.4945
236.7 688.883 98.5354
236.8 688.892 98.5763
236.9 688.902 98.6172
237 688.912 98.6581
237.1 688.922 98.699
237.2 688.932 98.7399
237.3 688.942 98.7808
237.4 688.952 98.8216
237.5 688.961 98.8625
237.6 688.971 98.9034
237.7 688.981 98.9443
237.8 688.991 98.9852
237.9 689.001 99.0261
238 689.011 99.067
238.1 689.021 99.1079
238.2 689.031 99.1487
238.3 689.04 99.1896
238.4 689.05 99.2305
238.5 689.06 99.2714
238.6 689.07 99.3123
238.7 689.08 99.3531
238.8 689.09 99.394
238.9 689.1 99.4349
239 689.11 99.4758
239.1 689.12 99.5166
239.2 689.13 99.5575
239.3 689.14 99.5984
239.4 689.15 99.6393
239.5 689.16 99.6801
239.6 689.17 99.721
239.7 689.18 99.7619
239.8 689.19 99.8027
239.9 689.2 99.8436
240 689.209 99.8845
240.1 689.219 99.9253
240.2 689.229 99.9662
240.3 689.239 100.007
240.4 689.249 100.048
240.5 689.259 100.089
240.6 689.269 100.13
240.7 689.279 100.171
240.8 689.289 100.211
240.9 689.299 100.252
241 689.309 100.293
241.1 689.319 100.334
241.2 689.329 100.375
241.3 689.34 100.416
241.4 689.35 100.457
241.5 689.36 100.497
241.6 689.37 100.538
241.7 689.38 100.579
241.8 689.39 100.62
241.9 689.4 100.661
242 689.41 100.702
242.1 689.42 100.742
242.2 689.43 100.783
242.3 689.44 100.824
242.4 689.45 100.865
242.5 689.46 100.906
242.6 689.47 100.947
242.7 689.48 100.988
242.8 689.49 101.028
242.9 689.5 101.069
243 689.511 101.11
243.1 689.521 101.151
243.2 689.531 101.192
243.3 689.541 101.233
243.4 689.551 101.273
243.5 689.561 101.314
243.6 689.571 101.355
243.7 689.581 101.396
243.8 689.592 101.437
243.9 689.602 101.478
244 689.612 101.518
244.1 689.622 101.559
244.2 689.632 101.6
244.3 689.642 101.641
244.4 689.652 101.682
244.5 689.663 101.722
244.6 689.673 101.763
244.7 689.683 101.804
244.8 689.693 101.845
244.9 689.703 101.886
245 689.713 101.927
245.1 689.724 101.967
245.2 689.734 102.008
245.3 689.744 102.049
245.4 689.754 102.09
245.5 689.764 102.131
245.6 689.775 102.171
245.7 689.785 102.212
245.8 689.795 102.253
245.9 689.805 102.294
246 689.815 102.335
246.1 689.826 102.376
246.2 689.836 102.416
246.3 689.846 102.457
246.4 689.856 102.498
246.5 689.867 102.539
246.6 689.877 102.58
246.7 689.887 102.62
246.8 689.897 102.661
246.9 689.908 102.702
247 689.918 102.743
247.1 689.928 102.784
247.2 689.938 102.824
247.3 689.949 102.865
247.4 689.959 102.906
247.5 689.969 102.947
247.6 689.979 102.988
247.7 689.99 103.028
247.8 690 103.069
247.9 690.01 103.11
248 690.021 103.151
248.1 690.031 103.192
248.2 690.041 103.232
248.3 690.052 103.273
248.4 690.062 103.314
248.5 690.072 103.355
248.6 690.082 103.395
248.7 690.093 103.436
248.8 690.103 103.477
248.9 690.113 103.518
249 690.124 103.559
249.1 690.134 103.599
249.2 690.145 103.64
249.3 690.155 103.681
249.4 690.165 103.722
249.5 690.176 103.762
249.6 690.186 103.803
249.7 690.196 103.844
249.8 690.207 103.885
249.9 690.217 103.926
250 690.227 103.966
250.1 690.238 104.007
250.2 690.248 104.048
250.3 690.259 104.089
250.4 690.269 104.129
250.5 690.279 104.17
250.6 690.29 104.211
250.7 690.3 104.252
250.8 690.311 104.292
250.9 690.321 104.333
251 690.331 104.374
251.1 690.342 104.415
251.2 690.352 104.456
251.3 690.363 104.496
251.4 690.373 104.537
251.5 690.384 104.578
251.6 690.394 104.619
251.7 690.405 104.659
251.8 690.415 104.7
251.9 690.425 104.741
252 690.436 104.782
252.1 690.446 104.822
252.2 690.457 104.863
252.3 690.467 104.904
252.4 690.478 104.945
252.5 690.488 104.985
252.6 690.499 105.026
252.7 690.509 105.067
252.8 690.52 105.108
252.9 690.53 105.148
253 690.541 105.189
253.1 690.551 105.23
253.2 690.562 105.271
253.3 690.572 105.311
253.4 690.583 105.352
253.5 690.593 105.393
253.6 690.604 105.433
253.7 690.614 105.474
253.8 690.625 105.515
253.9 690.636 105.556
254 690.646 105.596
254.1 690.657 105.637
254.2 690.667 105.678
254.3 690.678 105.719
254.4 690.688 105.759
254.5 690.699 105.8
254.6 690.709 105.841
254.7 690.72 105.882
254.8 690.731 105.922
254.9 690.741 105.963
255 690.752 106.004
255.1 690.762 106.044
255.2 690.773 106.085
255.3 690.784 106.126
255.4 690.794 106.167
255.5 690.805 106.207
255.6 690.815 106.248
255.7 690.826 106.289
255.8 690.837 106.329
255.9 690.847 106.37
256 690.858 106.411
256.1 690.868 106.452
256.2 690.879 106.492
256.3 690.89 106.533
256.4 690.9 106.574
256.5 690.911 106.614
256.6 690.922 106.655
256.7 690.932 106.696
256.8 690.943 106.737
256.9 690.954 106.777
257 690.964 106.818
257.1 690.975 106.859
257.2 690.986 106.899
257.3 690.996 106.94
257.4 691.007 106.981
257.5 691.018 107.021
257.6 691.028 107.062
257.7 691.039 107.103
257.8 691.05 107.144
257.9 691.06 107.184
258 691.071 107.225
258.1 691.082 107.266
258.2 691.093 107.306
258.3 691.103 107.347
258.4 691.114 107.388
258.5 691.125 107.428
258.6 691.136 107.469
258.7 691.146 107.51
258.8 691.157 107.55
258.9 691.168 107.591
259 691.178 107.632
259.1 691.189 107.672
259.2 691.2 107.713
259.3 691.211 107.754
259.4 691.222 107.794
259.5 691.232 107.835
259.6 691.243 107.876
259.7 691.254 107.917
259.8 691.265 107.957
259.9 691.275 107.998
260 691.286 108.039
260.1 691.297 108.079
260.2 691.308 108.12
260.3 691.319 108.161
260.4 691.329 108.201
260.5 691.34 108.242
260.6 691.351 108.283
260.7 691.362 108.323
260.8 691.373 108.364
260.9 691.383 108.405
261 691.394 108.445
261.1 691.405 108.486
261.2 691.416 108.527
261.3 691.427 108.567
261.4 691.438 108.608
261.5 691.449 108.649
261.6 691.459 108.689
261.7 691.47 108.73
261.8 691.481 108.77
261.9 691.492 108.811
262 691.503 108.852
262.1 691.514 108.892
262.2 691.525 108.933
262.3 691.535 108.974
262.4 691.546 109.014
262.5 691.557 109.055
262.6 691.568 109.096
262.7 691.579 109.136
262.8 691.59 109.177
262.9 691.601 109.218
263 691.612 109.258
263.1 691.623 109.299
263.2 691.634 109.34
263.3 691.645 109.38
263.4 691.655 109.421
263.5 691.666 109.461
263.6 691.677 109.502
263.7 691.688 109.543
263.8 691.699 109.583
263.9 691.71 109.624
264 691.721 109.665
264.1 691.732 109.705
264.2 691.743 109.746
264.3 691.754 109.787
264.4 691.765 109.827
264.5 691.776 109.868
264.6 691.787 109.908
264.7 691.798 109.949
264.8 691.809 109.99
264.9 691.82 110.03
265 691.831 110.071
265.1 691.842 110.112
265.2 691.853 110.152
265.3 691.864 110.193
265.4 691.875 110.233
265.5 691.886 110.274
265.6 691.897 110.315
265.7 691.908 110.355
265.8 691.919 110.396
265.9 691.93 110.436
266 691.941 110.477
266.1 691.952 110.518
266.2 691.963 110.558
266.3 691.974 110.599
266.4 691.985 110.639
266.5 691.996 110.68
266.6 692.007 110.721
266.7 692.018 110.761
266.8 692.029 110.802
266.9 692.04 110.843
267 692.052 110.883
267.1 692.063 110.924
267.2 692.074 110.964
267.3 692.085 111.005
267.4 692.096 111.046
267.5 692.107 111.086
267.6 692.118 111.127
267.7 692.129 111.167
267.8 692.14 111.208
267.9 692.151 111.248
268 692.162 111.289
268.1 692.174 111.33
268.2 692.185 111.37
268.3 692.196 111.411
268.4 692.207 111.451
268.5 692.218 111.492
268.6 692.229 111.533
268.7 692.24 111.573
268.8 692.252 111.614
268.9 692.263 111.654
269 692.274 111.695
269.1 692.285 111.736
269.2 692.296 111.776
269.3 692.307 111.817
269.4 692.319 111.857
269.5 692.33 111.898
269.6 692.341 111.938
269.7 692.352 111.979
269.8 692.363 112.02
269.9 692.374 112.06
270 692.386 112.101
270.1 692.397 112.141
270.2 692.408 112.182
270.3 692.419 112.222
270.4 692.43 112.263
270.5 692.442 112.304
270.6 692.453 112.344
270.7 692.464 112.385
270.8 692.475 112.425
270.9 692.487 112.466
271 692.498 112.506
271.1 692.509 112.547
271.2 692.52 112.587
271.3 692.532 112.628
271.4 692.543 112.669
271.5 692.554 112.709
271.6 692.565 112.75
271.7 692.577 112.79
271.8 692.588 112.831
271.9 692.599 112.871
272 692.61 112.912
272.1 692.622 112.952
272.2 692.633 112.993
272.3 692.644 113.034
272.4 692.656 113.074
272.5 692.667 113.115
272.6 692.678 113.155
272.7 692.689 113.196
272.8 692.701 113.236
272.9 692.712 113.277
273 692.723 113.317
273.1 692.735 113.358
273.2 692.746 113.398
273.3 692.757 113.439
273.4 692.769 113.479
273.5 692.78 113.52
273.6 692.791 113.561
273.7 692.803 113.601
273.8 692.814 113.642
273.9 692.825 113.682
274 692.837 113.723
274.1 692.848 113.763
274.2 692.859 113.804
274.3 692.871 113.844
274.4 692.882 113.885
274.5 692.894 113.925
274.6 692.905 113.966
274.7 692.916 114.006
274.8 692.928 114.047
274.9 692.939 114.087
275 692.951 114.128
275.1 692.962 114.168
275.2 692.973 114.209
275.3 692.985 114.249
275.4 692.996 114.29
275.5 693.008 114.33
275.6 693.019 114.371
275.7 693.03 114.411
275.8 693.042 114.452
275.9 693.053 114.492
276 693.065 114.533
276.1 693.076 114.574
276.2 693.088 114.614
276.3 693.099 114.655
276.4 693.111 114.695
276.5 693.122 114.736
276.6 693.133 114.776
276.7 693.145 114.817
276.8 693.156 114.857
276.9 693.168 114.898
277 693.179 114.938
277.1 693.191 114.979
277.2 693.202 115.019
277.3 693.214 115.059
277.4 693.225 115.1
277.5 693.237 115.14
277.6 693.248 115.181
277.7 693.26 115.221
277.8 693.271 115.262
277.9 693.283 115.302
278 693.294 115.343
278.1 693.306 115.383
278.2 693.317 115.424
278.3 693.329 115.464
278.4 693.34 115.505
278.5 693.352 115.545
278.6 693.364 115.586
278.7 693.375 115.626
278.8 693.387 115.667
278.9 693.398 115.707
279 693.41 115.748
279.1 693.421 115.788
279.2 693.433 115.829
279.3 693.444 115.869
279.4 693.456 115.91
279.5 693.468 115.95
279.6 693.479 115.991
279.7 693.491 116.031
279.8 693.502 116.071
279.9 693.514 116.112
280 693.526 116.152
280.1 693.537 116.193
280.2 693.549 116.233
280.3 693.56 116.274
280.4 693.572 116.314
280.5 693.584 116.355
280.6 693.595 116.395
280.7 693.607 116.436
280.8 693.619 116.476
280.9 693.63 116.517
281 693.642 116.557
281.1 693.653 116.597
281.2 693.665 116.638
281.3 693.677 116.678
281.4 693.688 116.719
281.5 693.7 116.759
281.6 693.712 116.8
281.7 693.723 116.84
281.8 693.735 116.881
281.9 693.747 116.921
282 693.758 116.961
282.1 693.77 117.002
282.2 693.782 117.042
282.3 693.794 117.083
282.4 693.805 117.123
282.5 693.817 117.164
282.6 693.829 117.204
282.7 693.84 117.245
282.8 693.852 117.285
282.9 693.864 117.325
283 693.875 117.366
283.1 693.887 117.406
283.2 693.899 117.447
283.3 693.911 117.487
283.4 693.922 117.528
283.5 693.934 117.568
283.6 693.946 117.608
283.7 693.958 117.649
283.8 693.969 117.689
283.9 693.981 117.73
284 693.993 117.77
284.1 694.005 117.811
284.2 694.016 117.851
284.3 694.028 117.891
284.4 694.04 117.932
284.5 694.052 117.972
284.6 694.064 118.013
284.7 694.075 118.053
284.8 694.087 118.093
284.9 694.099 118.134
285 694.111 118.174
285.1 694.123 118.215
285.2 694.134 118.255
285.3 694.146 118.295
285.4 694.158 118.336
285.5 694.17 118.376
285.6 694.182 118.417
285.7 694.194 118.457
285.8 694.205 118.498
285.9 694.217 118.538
286 694.229 118.578
286.1 694.241 118.619
286.2 694.253 118.659
286.3 694.265 118.699
286.4 694.276 118.74
286.5 694.288 118.78
286.6 694.3 118.821
286.7 694.312 118.861
286.8 694.324 118.901
286.9 694.336 118.942
287 694.348 118.982
287.1 694.36 119.023
287.2 694.371 119.063
287.3 694.383 119.103
287.4 694.395 119.144
287.5 694.407 119.184
287.6 694.419 119.225
287.7 694.431 119.265
287.8 694.443 119.305
287.9 694.455 119.346
288 694.467 119.386
288.1 694.479 119.426
288.2 694.491 119.467
288.3 694.503 119.507
288.4 694.514 119.548
288.5 694.526 119.588
288.6 694.538 119.628
288.7 694.55 119.669
288.8 694.562 119.709
288.9 694.574 119.749
289 694.586 119.79
289.1 694.598 119.83
289.2 694.61 119.87
289.3 694.622 119.911
289.4 694.634 119.951
289.5 694.646 119.992
289.6 694.658 120.032
289.7 694.67 120.072
289.8 694.682 120.113
289.9 694.694 120.153
290 694.706 120.193
290.1 694.718 120.234
290.2 694.73 120.274
290.3 694.742 120.314
290.4 694.754 120.355
290.5 694.766 120.395
290.6 694.778 120.435
290.7 694.79 120.476
290.8 694.802 120.516
290.9 694.814 120.557
291 694.826 120.597
291.1 694.838 120.637
291.2 694.85 120.678
291.3 694.862 120.718
291.4 694.875 120.758
291.5 694.887 120.799
291.6 694.899 120.839
291.7 694.911 120.879
291.8 694.923 120.92
291.9 694.935 120.96
292 694.947 121
292.1 694.959 121.041
292.2 694.971 121.081
292.3 694.983 121.121
292.4 694.995 121.162
292.5 695.007 121.202
292.6 695.02 121.242
292.7 695.032 121.283
292.8 695.044 121.323
292.9 695.056 121.363
293 695.068 121.403
293.1 695.08 121.444
293.2 695.092 121.484
293.3 695.104 121.524
293.4 695.117 121.565
293.5 695.129 121.605
293.6 695.141 121.645
293.7 695.153 121.686
293.8 695.165 121.726
293.9 695.177 121.766
294 695.19 121.807
294.1 695.202 121.847
294.2 695.214 121.887
294.3 695.226 121.928
294.4 695.238 121.968
294.5 695.25 122.008
294.6 695.263 122.048
294.7 695.275 122.089
294.8 695.287 122.129
294.9 695.299 122.169
295 695.311 122.21
295.1 695.324 122.25
295.2 695.336 122.29
295.3 695.348 122.331
295.4 695.36 122.371
295.5 695.373 122.411
295.6 695.385 122.451
295.7 695.397 122.492
295.8 695.409 122.532
295.9 695.421 122.572
296 695.434 122.613
296.1 695.446 122.653
296.2 695.458 122.693
296.3 695.47 122.733
296.4 695.483 122.774
296.5 695.495 122.814
296.6 695.507 122.854
296.7 695.52 122.895
296.8 695.532 122.935
296.9 695.544 122.975
297 695.556 123.015
297.1 695.569 123.056
297.2 695.581 123.096
297.3 695.593 123.136
297.4 695.606 123.177
297.5 695.618 123.217
297.6 695.63 123.257
297.7 695.643 123.297
297.8 695.655 123.338
297.9 695.667 123.378
298 695.679 123.418
298.1 695.692 123.458
298.2 695.704 123.499
298.3 695.716 123.539
298.4 695.729 123.579
298.5 695.741 123.619
298.6 695.754 123.66
298.7 695.766 123.7
298.8 695.778 123.74
298.9 695.791 123.78
299 695.803 123.821
299.1 695.815 123.861
299.2 695.828 123.901
299.3 695.84 123.941
299.4 695.852 123.982
299.5 695.865 124.022
299.6 695.877 124.062
299.7 695.89 124.102
299.8 695.902 124.143
299.9 695.914 124.183
300 695.927 124.223
300.1 695.939 124.263
300.2 695.952 124.304
300.3 695.964 124.344
300.4 695.977 124.384
300.5 695.989 124.424
300.6 696.001 124.465
300.7 696.014 124.505
300.8 696.026 124.545
300.9 696.039 124.585
301 696.051 124.626
301.1 696.064 124.666
301.2 696.076 124.706
301.3 696.089 124.746
301.4 696.101 124.786
301.5 696.113 124.827
301.6 696.126 124.867
301.7 696.138 124.907
301.8 696.151 124.947
301.9 696.163 124.988
302 696.176 125.028
302.1 696.188 125.068
302.2 696.201 125.108
302.3 696.213 125.148
302.4 696.226 125.189
302.5 696.238 125.229
302.6 696.251 125.269
302.7 696.263 125.309
302.8 696.276 125.349
302.9 696.288 125.39
303 696.301 125.43
303.1 696.313 125.47
303.2 696.326 125.51
303.3 696.339 125.551
303.4 696.351 125.591
303.5 696.364 125.631
303.6 696.376 125.671
303.7 696.389 125.711
303.8 696.401 125.752
303.9 696.414 125.792
304 696.426 125.832
304.1 696.439 125.872
304.2 696.452 125.912
304.3 696.464 125.952
304.4 696.477 125.993
304.5 696.489 126.033
304.6 696.502 126.073
304.7 696.515 126.113
304.8 696.527 126.153
304.9 696.54 126.194
305 696.552 126.234
305.1 696.565 126.274
305.2 696.578 126.314
305.3 696.59 126.354
305.4 696.603 126.395
305.5 696.615 126.435
305.6 696.628 126.475
305.7 696.641 126.515
305.8 696.653 126.555
305.9 696.666 126.595
306 696.679 126.636
306.1 696.691 126.676
306.2 696.704 126.716
306.3 696.717 126.756
306.4 696.729 126.796
306.5 696.742 126.836
306.6 696.755 126.877
306.7 696.767 126.917
306.8 696.78 126.957
306.9 696.793 126.997
307 696.805 127.037
307.1 696.818 127.077
307.2 696.831 127.118
307.3 696.843 127.158
307.4 696.856 127.198
307.5 696.869 127.238
307.6 696.882 127.278
307.7 696.894 127.318
307.8 696.907 127.358
307.9 696.92 127.399
308 696.932 127.439
308.1 696.945 127.479
308.2 696.958 127.519
308.3 696.971 127.559
308.4 696.983 127.599
308.5 696.996 127.64
308.6 697.009 127.68
308.7 697.022 127.72
308.8 697.034 127.76
308.9 697.047 127.8
309 697.06 127.84
309.1 697.073 127.88
309.2 697.086 127.92
309.3 697.098 127.961
309.4 697.111 128.001
309.5 697.124 128.041
309.6 697.137 128.081
309.7 697.149 128.121
309.8 697.162 128.161
309.9 697.175 128.201
310 697.188 128.242
310.1 697.201 128.282
310.2 697.214 128.322
310.3 697.226 128.362
310.4 697.239 128.402
310.5 697.252 128.442
310.6 697.265 128.482
310.7 697.278 128.522
310.8 697.291 128.562
310.9 697.303 128.603
311 697.316 128.643
311.1 697.329 128.683
311.2 697.342 128.723
311.3 697.355 128.763
311.4 697.368 128.803
311.5 697.381 128.843
311.6 697.393 128.883
311.7 697.406 128.923
311.8 697.419 128.964
311.9 697.432 129.004
312 697.445 129.044
312.1 697.458 129.084
312.2 697.471 129.124
312.3 697.484 129.164
312.4 697.497 129.204
312.5 697.509 129.244
312.6 697.522 129.284
312.7 697.535 129.324
312.8 697.548 129.365
312.9 697.561 129.405
313 697.574 129.445
313.1 697.587 129.485
313.2 697.6 129.525
313.3 697.613 129.565
313.4 697.626 129.605
313.5 697.639 129.645
313.6 697.652 129.685
313.7 697.665 129.725
313.8 697.678 129.765
313.9 697.691 129.805
314 697.704 129.846
314.1 697.717 129.886
314.2 697.73 129.926
314.3 697.743 129.966
314.4 697.755 130.006
314.5 697.768 130.046
314.6 697.781 130.086
314.7 697.794 130.126
314.8 697.807 130.166
314.9 697.82 130.206
315 697.833 130.246
315.1 697.847 130.286
315.2 697.86 130.326
315.3 697.873 130.366
315.4 697.886 130.407
315.5 697.899 130.447
315.6 697.912 130.487
315.7 697.925 130.527
315.8 697.938 130.567
315.9 697.951 130.607
316 697.964 130.647
316.1 697.977 130.687
316.2 697.99 130.727
316.3 698.003 130.767
316.4 698.016 130.807
316.5 698.029 130.847
316.6 698.042 130.887
316.7 698.055 130.927
316.8 698.068 130.967
316.9 698.081 131.007
317 698.095 131.047
317.1 698.108 131.087
317.2 698.121 131.127
317.3 698.134 131.167
317.4 698.147 131.207
317.5 698.16 131.248
317.6 698.173 131.288
317.7 698.186 131.328
317.8 698.199 131.368
317.9 698.213 131.408
318 698.226 131.448
318.1 698.239 131.488
318.2 698.252 131.528
318.3 698.265 131.568
318.4 698.278 131.608
318.5 698.291 131.648
318.6 698.305 131.688
318.7 698.318 131.728
318.8 698.331 131.768
318.9 698.344 131.808
319 698.357 131.848
319.1 698.37 131.888
319.2 698.384 131.928
319.3 698.397 131.968
319.4 698.41 132.008
319.5 698.423 132.048
319.6 698.436 132.088
319.7 698.449 132.128
319.8 698.463 132.168
319.9 698.476 132.208
320 698.489 132.248
320.1 698.502 132.288
320.2 698.516 132.328
320.3 698.529 132.368
320.4 698.542 132.408
320.5 698.555 132.448
320.6 698.568 132.488
320.7 698.582 132.528
320.8 698.595 132.568
320.9 698.608 132.608
321 698.621 132.648
321.1 698.635 132.688
321.2 698.648 132.728
321.3 698.661 132.768
321.4 698.674 132.808
321.5 698.688 132.848
321.6 698.701 132.888
321.7 698.714 132.928
321.8 698.728 132.968
321.9 698.741 133.008
322 698.754 133.048
322.1 698.767 133.088
322.2 698.781 133.128
322.3 698.794 133.168
322.4 698.807 133.208
322.5 698.821 133.248
322.6 698.834 133.288
322.7 698.847 133.328
322.8 698.861 133.368
322.9 698.874 133.408
323 698.887 133.448
323.1 698.901 133.488
323.2 698.914 133.528
323.3 698.927 133.567
323.4 698.941 133.607
323.5 698.954 133.647
323.6 698.967 133.687
323.7 698.981 133.727
323.8 698.994 133.767
323.9 699.007 133.807
324 699.021 133.847
324.1 699.034 133.887
324.2 699.048 133.927
324.3 699.061 133.967
324.4 699.074 134.007
324.5 699.088 134.047
324.6 699.101 134.087
324.7 699.114 134.127
324.8 699.128 134.167
324.9 699.141 134.207
325 699.155 134.247
325.1 699.168 134.287
325.2 699.182 134.327
325.3 699.195 134.367
325.4 699.208 134.406
325.5 699.222 134.446
325.6 699.235 134.486
325.7 699.249 134.526
325.8 699.262 134.566
325.9 699.276 134.606
326 699.289 134.646
326.1 699.302 134.686
326.2 699.316 134.726
326.3 699.329 134.766
326.4 699.343 134.806
326.5 699.356 134.846
326.6 699.37 134.886
326.7 699.383 134.926
326.8 699.397 134.965
326.9 699.41 135.005
327 699.424 135.045
327.1 699.437 135.085
327.2 699.451 135.125
327.3 699.464 135.165
327.4 699.478 135.205
327.5 699.491 135.245
327.6 699.505 135.285
327.7 699.518 135.325
327.8 699.532 135.365
327.9 699.545 135.405
328 699.559 135.444
328.1 699.572 135.484
328.2 699.586 135.524
328.3 699.599 135.564
328.4 699.613 135.604
328.5 699.627 135.644
328.6 699.64 135.684
328.7 699.654 135.724
328.8 699.667 135.764
328.9 699.681 135.804
329 699.694 135.843
329.1 699.708 135.883
329.2 699.721 135.923
329.3 699.735 135.963
329.4 699.749 136.003
329.5 699.762 136.043
329.6 699.776 136.083
329.7 699.789 136.123
329.8 699.803 136.163
329.9 699.817 136.202
330 699.83 136.242
330.1 699.844 136.282
330.2 699.857 136.322
330.3 699.871 136.362
330.4 699.885 136.402
330.5 699.898 136.442
330.6 699.912 136.482
330.7 699.926 136.521
330.8 699.939 136.561
330.9 699.953 136.601
331 699.967 136.641
331.1 699.98 136.681
331.2 699.994 136.721
331.3 700.008 136.761
331.4 700.021 136.8
331.5 700.035 136.84
331.6 700.049 136.88
331.7 700.062 136.92
331.8 700.076 136.96
331.9 700.09 137
332 700.103 137.04
332.1 700.117 137.08
332.2 700.131 137.119
332.3 700.144 137.159
332.4 700.158 137.199
332.5 700.172 137.239
332.6 700.186 137.279
332.7 700.199 137.319
332.8 700.213 137.358
332.9 700.227 137.398
333 700.24 137.438
333.1 700.254 137.478
333.2 700.268 137.518
333.3 700.282 137.558
333.4 700.295 137.598
333.5 700.309 137.637
333.6 700.323 137.677
333.7 700.337 137.717
333.8 700.35 137.757
333.9 700.364 137.797
334 700.378 137.837
334.1 700.392 137.876
334.2 700.405 137.916
334.3 700.419 137.956
334.4 700.433 137.996
334.5 700.447 138.036
334.6 700.461 138.075
334.7 700.474 138.115
334.8 700.488 138.155
334.9 700.502 138.195
335 700.516 138.235
335.1 700.53 138.275
335.2 700.543 138.314
335.3 700.557 138.354
335.4 700.571 138.394
335.5 700.585 138.434
335.6 700.599 138.474
335.7 700.613 138.513
335.8 700.626 138.553
335.9 700.64 138.593
336 700.654 138.633
336.1 700.668 138.673
336.2 700.682 138.712
336.3 700.696 138.752
336.4 700.71 138.792
336.5 700.723 138.832
336.6 700.737 138.872
336.7 700.751 138.911
336.8 700.765 138.951
336.9 700.779 138.991
337 700.793 139.031
337.1 700.807 139.071
337.2 700.821 139.11
337.3 700.835 139.15
337.4 700.848 139.19
337.5 700.862 139.23
337.6 700.876 139.27
337.7 700.89 139.309
337.8 700.904 139.349
337.9 700.918 139.389
338 700.932 139.429
338.1 700.946 139.468
338.2 700.96 139.508
338.3 700.974 139.548
338.4 700.988 139.588
338.5 701.002 139.628
338.6 701.016 139.667
338.7 701.03 139.707
338.8 701.043 139.747
338.9 701.057 139.787
339 701.071 139.826
339.1 701.085 139.866
339.2 701.099 139.906
339.3 701.113 139.946
339.4 701.127 139.986
339.5 701.141 140.025
339.6 701.155 140.065
339.7 701.169 140.105
339.8 701.183 140.145
339.9 701.197 140.184
340 701.211 140.224
340.1 701.225 140.264
340.2 701.239 140.304
340.3 701.253 140.343
340.4 701.267 140.383
340.5 701.281 140.423
340.6 701.295 140.463
340.7 701.309 140.502
340.8 701.324 140.542
340.9 701.338 140.582
341 701.352 140.622
341.1 701.366 140.661
341.2 701.38 140.701
341.3 701.394 140.741
341.4 701.408 140.78
341.5 701.422 140.82
341.6 701.436 140.86
341.7 701.45 140.9
341.8 701.464 140.939
341.9 701.478 140.979
342 701.492 141.019
342.1 701.506 141.059
342.2 701.52 141.098
342.3 701.535 141.138
342.4 701.549 141.178
342.5 701.563 141.217
342.6 701.577 141.257
342.7 701.591 141.297
342.8 701.605 141.337
342.9 701.619 141.376
343 701.633 141.416
343.1 701.648 141.456
343.2 701.662 141.496
343.3 701.676 141.535
343.4 701.69 141.575
343.5 701.704 141.615
343.6 701.718 141.654
343.7 701.732 141.694
343.8 701.747 141.734
343.9 701.761 141.773
344 701.775 141.813
344.1 701.789 141.853
344.2 701.803 141.893
344.3 701.817 141.932
344.4 701.832 141.972
344.5 701.846 142.012
344.6 701.86 142.051
344.7 701.874 142.091
344.8 701.888 142.131
344.9 701.903 142.17
345 701.917 142.21
345.1 701.931 142.25
345.2 701.945 142.289
345.3 701.959 142.329
345.4 701.974 142.369
345.5 701.988 142.409
345.6 702.002 142.448
345.7 702.016 142.488
345.8 702.031 142.528
345.9 702.045 142.567
346 702.059 142.607
346.1 702.073 142.647
346.2 702.088 142.686
346.3 702.102 142.726
346.4 702.116 142.766
346.5 702.13 142.805
346.6 702.145 142.845
346.7 702.159 142.885
346.8 702.173 142.924
346.9 702.187 142.964
347 702.202 143.004
347.1 702.216 143.043
347.2 702.23 143.083
347.3 702.245 143.123
347.4 702.259 143.162
347.5 702.273 143.202
347.6 702.288 143.242
347.7 702.302 143.281
347.8 702.316 143.321
347.9 702.33 143.361
348 702.345 143.4
348.1 702.359 143.44
348.2 702.373 143.479
348.3 702.388 143.519
348.4 702.402 143.559
348.5 702.416 143.598
348.6 702.431 143.638
348.7 702.445 143.678
348.8 702.46 143.717
348.9 702.474 143.757
349 702.488 143.797
349.1 702.503 143.836
349.2 702.517 143.876
349.3 702.531 143.916
349.4 702.546 143.955
349.5 702.56 143.995
349.6 702.575 144.034
349.7 702.589 144.074
349.8 702.603 144.114
349.9 702.618 144.153
350 702.632 144.193
350.1 702.647 144.233
350.2 702.661 144.272
350.3 702.675 144.312
350.4 702.69 144.351
350.5 702.704 144.391
350.6 702.719 144.431
350.7 702.733 144.47
350.8 702.748 144.51
350.9 702.762 144.549
351 702.776 144.589
351.1 702.791 144.629
351.2 702.805 144.668
351.3 702.82 144.708
351.4 702.834 144.748
351.5 702.849 144.787
351.6 702.863 144.827
351.7 702.878 144.866
351.8 702.892 144.906
351.9 702.907 144.946
352 702.921 144.985
352.1 702.936 145.025
352.2 702.95 145.064
352.3 702.965 145.104
352.4 702.979 145.144
352.5 702.994 145.183
352.6 703.008 145.223
352.7 703.023 145.262
352.8 703.037 145.302
352.9 703.052 145.341
353 703.066 145.381
353.1 703.081 145.421
353.2 703.095 145.46
353.3 703.11 145.5
353.4 703.124 145.539
353.5 703.139 145.579
353.6 703.153 145.619
353.7 703.168 145.658
353.8 703.182 145.698
353.9 703.197 145.737
354 703.212 145.777
354.1 703.226 145.816
354.2 703.241 145.856
354.3 703.255 145.896
354.4 703.27 145.935
354.5 703.284 145.975
354.6 703.299 146.014
354.7 703.314 146.054
354.8 703.328 146.093
354.9 703.343 146.133
355 703.357 146.172
355.1 703.372 146.212
355.2 703.387 146.252
355.3 703.401 146.291
355.4 703.416 146.331
355.5 703.43 146.37
355.6 703.445 146.41
355.7 703.46 146.449
355.8 703.474 146.489
355.9 703.489 146.528
356 703.504 146.568
356.1 703.518 146.607
356.2 703.533 146.647
356.3 703.548 146.687
356.4 703.562 146.726
356.5 703.577 146.766
356.6 703.592 146.805
356.7 703.606 146.845
356.8 703.621 146.884
356.9 703.636 146.924
357 703.65 146.963
357.1 703.665 147.003
357.2 703.68 147.042
357.3 703.694 147.082
357.4 703.709 147.121
357.5 703.724 147.161
357.6 703.738 147.2
357.7 703.753 147.24
357.8 703.768 147.279
357.9 703.783 147.319
358 703.797 147.359
358.1 703.812 147.398
358.2 703.827 147.438
358.3 703.842 147.477
358.4 703.856 147.517
358.5 703.871 147.556
358.6 703.886 147.596
358.7 703.9 147.635
358.8 703.915 147.675
358.9 703.93 147.714
359 703.945 147.754
359.1 703.96 147.793
359.2 703.974 147.833
359.3 703.989 147.872
359.4 704.004 147.912
359.5 704.019 147.951
359.6 704.033 147.991
359.7 704.048 148.03
359.8 704.063 148.07
359.9 704.078 148.109
360 704.093 148.149
360.1 704.107 148.188
360.2 704.122 148.228
360.3 704.137 148.267
360.4 704.152 148.307
360.5 704.167 148.346
360.6 704.181 148.385
360.7 704.196 148.425
360.8 704.211 148.464
360.9 704.226 148.504
361 704.241 148.543
361.1 704.256 148.583
361.2 704.27 148.622
361.3 704.285 148.662
361.4 704.3 148.701
361.5 704.315 148.741
361.6 704.33 148.78
361.7 704.345 148.82
361.8 704.36 148.859
361.9 704.375 148.899
362 704.389 148.938
362.1 704.404 148.978
362.2 704.419 149.017
362.3 704.434 149.056
362.4 704.449 149.096
362.5 704.464 149.135
362.6 704.479 149.175
362.7 704.494 149.214
362.8 704.509 149.254
362.9 704.523 149.293
363 704.538 149.333
363.1 704.553 149.372
363.2 704.568 149.412
363.3 704.583 149.451
363.4 704.598 149.49
363.5 704.613 149.53
363.6 704.628 149.569
363.7 704.643 149.609
363.8 704.658 149.648
363.9 704.673 149.688
364 704.688 149.727
364.1 704.703 149.767
364.2 704.718 149.806
364.3 704.733 149.845
364.4 704.748 149.885
364.5 704.763 149.924
364.6 704.778 149.964
364.7 704.793 150.003
364.8 704.808 150.043
364.9 704.823 150.082
365 704.838 150.121
365.1 704.853 150.161
365.2 704.868 150.2
365.3 704.883 150.24
365.4 704.898 150.279
365.5 704.913 150.318
365.6 704.928 150.358
365.7 704.943 150.397
365.8 704.958 150.437
365.9 704.973 150.476
366 704.988 150.515
366.1 705.003 150.555
366.2 705.018 150.594
366.3 705.033 150.634
366.4 705.048 150.673
366.5 705.063 150.713
366.6 705.078 150.752
366.7 705.093 150.791
366.8 705.108 150.831
366.9 705.123 150.87
367 705.138 150.909
367.1 705.153 150.949
367.2 705.169 150.988
367.3 705.184 151.028
367.4 705.199 151.067
367.5 705.214 151.106
367.6 705.229 151.146
367.7 705.244 151.185
367.8 705.259 151.225
367.9 705.274 151.264
368 705.289 151.303
368.1 705.304 151.343
368.2 705.32 151.382
