0 10000 0
0.1 9999.96 -0.371467
0.2 9999.89 -0.742934
0.3 9999.78 -1.1144
0.4 9999.63 -1.48586
0.5 9999.44 -1.85732
0.6 9999.22 -2.22876
0.7 9998.96 -2.60021
0.8 9998.66 -2.97164
0.9 9998.33 -3.34306
1 9997.96 -3.71446
1.1 9997.55 -4.08586
1.2 9997.1 -4.45724
1.3 9996.62 -4.8286
1.4 9996.1 -5.19994
1.5 9995.54 -5.57126
1.6 9994.95 -5.94256
1.7 9994.32 -6.31384
1.8 9993.65 -6.6851
1.9 9992.94 -7.05633
2 9992.2 -7.42753
2.1 9991.42 -7.7987
2.2 9990.6 -8.16984
2.3 9989.75 -8.54095
2.4 9988.86 -8.91203
2.5 9987.93 -9.28307
2.6 9986.96 -9.65408
2.7 9985.96 -10.025
2.8 9984.92 -10.396
2.9 9983.85 -10.7669
3 9982.73 -11.1377
3.1 9981.58 -11.5085
3.2 9980.39 -11.8793
3.3 9979.17 -12.25
3.4 9977.91 -12.6206
3.5 9976.61 -12.9913
3.6 9975.27 -13.3618
3.7 9973.9 -13.7323
3.8 9972.49 -14.1028
3.9 9971.04 -14.4732
4 9969.56 -14.8435
4.1 9968.03 -15.2138
4.2 9966.48 -15.584
4.3 9964.88 -15.9542
4.4 9963.25 -16.3243
4.5 9961.58 -16.6943
4.6 9959.87 -17.0643
4.7 9958.13 -17.4342
4.8 9956.35 -17.8041
4.9 9954.53 -18.1738
5 9952.68 -18.5435
5.1 9950.79 -18.9131
5.2 9948.86 -19.2827
5.3 9946.89 -19.6522
5.4 9944.89 -20.0215
5.5 9942.85 -20.3909
5.6 9940.77 -20.7601
5.7 9938.66 -21.1292
5.8 9936.51 -21.4983
5.9 9934.32 -21.8673
6 9932.1 -22.2362
6.1 9929.84 -22.605
6.2 9927.54 -22.9737
6.3 9925.21 -23.3423
6.4 9922.84 -23.7109
6.5 9920.43 -24.0793
6.6 9917.99 -24.4476
6.7 9915.5 -24.8159
6.8 9912.99 -25.184
6.9 9910.43 -25.5521
7 9907.84 -25.92
7.1 9905.21 -26.2879
7.2 9902.54 -26.6556
7.3 9899.84 -27.0232
7.4 9897.1 -27.3908
7.5 9894.33 -27.7582
7.6 9891.51 -28.1255
7.7 9888.66 -28.4927
7.8 9885.78 -28.8598
7.9 9882.86 -29.2267
8 9879.9 -29.5936
8.1 9876.9 -29.9603
8.2 9873.87 -30.3269
8.3 9870.8 -30.6934
8.4 9867.69 -31.0598
8.5 9864.55 -31.426
8.6 9861.37 -31.7921
8.7 9858.16 -32.1581
8.8 9854.9 -32.524
8.9 9851.61 -32.8897
9 9848.29 -33.2553
9.1 9844.93 -33.6208
9.2 9841.53 -33.9861
9.3 9838.09 -34.3513
9.4 9834.62 -34.7164
9.5 9831.11 -35.0813
9.6 9827.57 -35.4461
9.7 9823.99 -35.8107
9.8 9820.37 -36.1752
9.9 9816.72 -36.5396
10 9813.03 -36.9038
10.1 9809.3 -37.2678
10.2 9805.54 -37.6318
10.3 9801.74 -37.9955
10.4 9797.9 -38.3591
10.5 9794.03 -38.7226
10.6 9790.12 -39.0859
10.7 9786.17 -39.449
10.8 9782.19 -39.812
10.9 9778.18 -40.1748
11 9774.12 -40.5374
11.1 9770.03 -40.8999
11.2 9765.91 -41.2623
11.3 9761.74 -41.6244
11.4 9757.54 -41.9864
11.5 9753.31 -42.3483
11.6 9749.04 -42.7099
11.7 9744.73 -43.0714
11.8 9740.39 -43.4327
11.9 9736.01 -43.7938
12 9731.59 -44.1548
12.1 9727.14 -44.5156
12.2 9722.65 -44.8762
12.3 9718.13 -45.2366
12.4 9713.57 -45.5968
12.5 9708.97 -45.9569
12.6 9704.34 -46.3167
12.7 9699.68 -46.6764
12.8 9694.97 -47.0359
12.9 9690.23 -47.3952
13 9685.46 -47.7543
13.1 9680.65 -48.1132
13.2 9675.8 -48.472
13.3 9670.92 -48.8305
13.4 9666 -49.1888
13.5 9661.04 -49.5469
13.6 9656.05 -49.9048
13.7 9651.03 -50.2626
13.8 9645.96 -50.6201
13.9 9640.87 -50.9774
14 9635.73 -51.3345
14.1 9630.56 -51.6914
14.2 9625.36 -52.0481
14.3 9620.12 -52.4045
14.4 9614.84 -52.7608
14.5 9609.53 -53.1168
14.6 9604.18 -53.4727
14.7 9598.8 -53.8283
14.8 9593.38 -54.1837
14.9 9587.93 -54.5388
15 9582.44 -54.8938
15.1 9576.91 -55.2485
15.2 9571.35 -55.603
15.3 9565.76 -55.9573
15.4 9560.13 -56.3113
15.5 9554.46 -56.6651
15.6 9548.76 -57.0187
15.7 9543.02 -57.372
15.8 9537.25 -57.7252
15.9 9531.44 -58.078
16 9525.6 -58.4307
16.1 9519.72 -58.7831
16.2 9513.81 -59.1352
16.3 9507.86 -59.4871
16.4 9501.87 -59.8388
16.5 9495.85 -60.1902
16.6 9489.8 -60.5414
16.7 9483.71 -60.8923
16.8 9477.59 -61.243
16.9 9471.43 -61.5934
17 9465.23 -61.9436
17.1 9459 -62.2935
17.2 9452.74 -62.6432
17.3 9446.44 -62.9926
17.4 9440.11 -63.3417
17.5 9433.74 -63.6906
17.6 9427.33 -64.0392
17.7 9420.89 -64.3876
17.8 9414.42 -64.7357
17.9 9407.91 -65.0835
18 9401.37 -65.431
18.1 9394.79 -65.7783
18.2 9388.18 -66.1253
18.3 9381.53 -66.472
18.4 9374.85 -66.8185
18.5 9368.13 -67.1647
18.6 9361.38 -67.5106
18.7 9354.6 -67.8562
18.8 9347.78 -68.2016
18.9 9340.92 -68.5466
19 9334.03 -68.8914
19.1 9327.11 -69.2359
19.2 9320.15 -69.5801
19.3 9313.16 -69.924
19.4 9306.13 -70.2676
19.5 9299.07 -70.611
19.6 9291.97 -70.954
19.7 9284.84 -71.2967
19.8 9277.68 -71.6392
19.9 9270.48 -71.9813
20 9263.25 -72.3232
20.1 9255.98 -72.6647
20.2 9248.68 -73.0059
20.3 9241.35 -73.3469
20.4 9233.98 -73.6875
20.5 9226.58 -74.0278
20.6 9219.14 -74.3678
20.7 9211.67 -74.7075
20.8 9204.17 -75.0469
20.9 9196.63 -75.386
21 9189.05 -75.7247
21.1 9181.45 -76.0632
21.2 9173.81 -76.4013
21.3 9166.13 -76.7391
21.4 9158.43 -77.0766
21.5 9150.68 -77.4137
21.6 9142.91 -77.7506
21.7 9135.1 -78.0871
21.8 9127.26 -78.4232
21.9 9119.38 -78.7591
22 9111.47 -79.0946
22.1 9103.53 -79.4298
22.2 9095.55 -79.7646
22.3 9087.54 -80.0991
22.4 9079.5 -80.4333
22.5 9071.42 -80.7671
22.6 9063.31 -81.1006
22.7 9055.17 -81.4338
22.8 9046.99 -81.7666
22.9 9038.78 -82.099
23 9030.54 -82.4311
23.1 9022.26 -82.7629
23.2 9013.95 -83.0943
23.3 9005.61 -83.4253
23.4 8997.24 -83.7561
23.5 8988.83 -84.0864
23.6 8980.39 -84.4164
23.7 8971.91 -84.746
23.8 8963.4 -85.0753
23.9 8954.86 -85.4042
24 8946.29 -85.7328
24.1 8937.68 -86.061
24.2 8929.05 -86.3888
24.3 8920.37 -86.7162
24.4 8911.67 -87.0433
24.5 8902.93 -87.37
24.6 8894.16 -87.6964
24.7 8885.36 -88.0223
24.8 8876.53 -88.3479
24.9 8867.66 -88.6731
25 8858.76 -88.9979
25.1 8849.83 -89.3224
25.2 8840.86 -89.6465
25.3 8831.87 -89.9702
25.4 8822.84 -90.2935
25.5 8813.77 -90.6164
25.6 8804.68 -90.9389
25.7 8795.55 -91.261
25.8 8786.4 -91.5828
25.9 8777.21 -91.9041
26 8767.98 -92.2251
26.1 8758.73 -92.5456
26.2 8749.44 -92.8658
26.3 8740.12 -93.1856
26.4 8730.77 -93.5049
26.5 8721.39 -93.8239
26.6 8711.98 -94.1425
26.7 8702.53 -94.4606
26.8 8693.05 -94.7784
26.9 8683.54 -95.0957
27 8674 -95.4126
27.1 8664.43 -95.7291
27.2 8654.82 -96.0452
27.3 8645.19 -96.3609
27.4 8635.52 -96.6762
27.5 8625.82 -96.991
27.6 8616.09 -97.3055
27.7 8606.33 -97.6195
27.8 8596.54 -97.9331
27.9 8586.71 -98.2462
28 8576.85 -98.559
28.1 8566.97 -98.8713
28.2 8557.05 -99.1831
28.3 8547.1 -99.4946
28.4 8537.12 -99.8056
28.5 8527.11 -100.116
28.6 8517.07 -100.426
28.7 8506.99 -100.736
28.8 8496.89 -101.045
28.9 8486.75 -101.354
29 8476.59 -101.663
29.1 8466.39 -101.97
29.2 8456.16 -102.278
29.3 8445.9 -102.585
29.4 8435.61 -102.892
29.5 8425.29 -103.198
29.6 8414.94 -103.504
29.7 8404.56 -103.809
29.8 8394.15 -104.114
29.9 8383.71 -104.418
30 8373.24 -104.722
30.1 8362.73 -105.025
30.2 8352.2 -105.328
30.3 8341.64 -105.631
30.4 8331.04 -105.933
30.5 8320.42 -106.234
30.6 8309.77 -106.535
30.7 8299.08 -106.836
30.8 8288.37 -107.136
30.9 8277.63 -107.436
31 8266.85 -107.735
31.1 8256.05 -108.034
31.2 8245.22 -108.332
31.3 8234.35 -108.63
31.4 8223.46 -108.927
31.5 8212.54 -109.224
31.6 8201.59 -109.521
31.7 8190.6 -109.816
31.8 8179.59 -110.112
31.9 8168.55 -110.407
32 8157.48 -110.701
32.1 8146.38 -110.995
32.2 8135.25 -111.288
32.3 8124.1 -111.581
32.4 8112.91 -111.874
32.5 8101.69 -112.166
32.6 8090.45 -112.457
32.7 8079.17 -112.748
32.8 8067.87 -113.039
32.9 8056.54 -113.329
33 8045.17 -113.618
33.1 8033.78 -113.907
33.2 8022.36 -114.196
33.3 8010.91 -114.483
33.4 7999.44 -114.771
33.5 7987.93 -115.058
33.6 7976.4 -115.344
33.7 7964.83 -115.63
33.8 7953.24 -115.915
33.9 7941.62 -116.2
34 7929.97 -116.485
34.1 7918.3 -116.768
34.2 7906.59 -117.052
34.3 7894.86 -117.335
34.4 7883.1 -117.617
34.5 7871.31 -117.899
34.6 7859.49 -118.18
34.7 7847.64 -118.46
34.8 7835.77 -118.741
34.9 7823.87 -119.02
35 7811.94 -119.299
35.1 7799.98 -119.578
35.2 7787.99 -119.856
35.3 7775.98 -120.133
35.4 7763.94 -120.41
35.5 7751.87 -120.687
35.6 7739.77 -120.962
35.7 7727.65 -121.238
35.8 7715.5 -121.512
35.9 7703.32 -121.787
36 7691.12 -122.06
36.1 7678.88 -122.333
36.2 7666.62 -122.606
36.3 7654.33 -122.878
36.4 7642.02 -123.149
36.5 7629.68 -123.42
36.6 7617.31 -123.691
36.7 7604.91 -123.96
36.8 7592.49 -124.23
36.9 7580.04 -124.498
37 7567.56 -124.766
37.1 7555.06 -125.034
37.2 7542.53 -125.301
37.3 7529.97 -125.567
37.4 7517.39 -125.833
37.5 7504.78 -126.098
37.6 7492.14 -126.363
37.7 7479.48 -126.627
37.8 7466.79 -126.891
37.9 7454.08 -127.154
38 7441.39 -126.856
38.1 7428.73 -126.558
38.2 7416.11 -126.26
38.3 7403.51 -125.962
38.4 7390.95 -125.665
38.5 7378.41 -125.368
38.6 7365.9 -125.071
38.7 7353.42 -124.774
38.8 7340.98 -124.477
38.9 7328.56 -124.181
39 7316.17 -123.885
39.1 7303.81 -123.589
39.2 7291.48 -123.294
39.3 7279.18 -122.998
39.4 7266.91 -122.703
39.5 7254.61 -122.971
39.6 7242.29 -123.238
39.7 7229.94 -123.505
39.8 7217.62 -123.208
39.9 7205.33 -122.912
40 7193.07 -122.616
40.1 7180.83 -122.32
40.2 7168.63 -122.024
40.3 7156.46 -121.729
40.4 7144.32 -121.433
40.5 7132.2 -121.138
40.6 7120.12 -120.843
40.7 7108.06 -120.549
40.8 7096.04 -120.254
40.9 7084.04 -119.96
41 7072.07 -119.666
41.1 7060.14 -119.372
41.2 7048.23 -119.079
41.3 7036.35 -118.786
41.4 7024.44 -119.058
41.5 7012.51 -119.329
41.6 7000.55 -119.6
41.7 6988.62 -119.305
41.8 6976.72 -119.01
41.9 6964.85 -118.716
42 6953.01 -118.422
42.1 6941.19 -118.128
42.2 6929.41 -117.834
42.3 6917.66 -117.541
42.4 6905.93 -117.248
42.5 6894.24 -116.955
42.6 6882.57 -116.662
42.7 6870.93 -116.37
42.8 6859.33 -116.077
42.9 6847.75 -115.785
43 6836.2 -115.493
43.1 6824.68 -115.202
43.2 6813.13 -115.478
43.3 6801.55 -115.753
43.4 6789.95 -116.027
43.5 6778.38 -115.734
43.6 6766.83 -115.441
43.7 6755.32 -115.149
43.8 6743.83 -114.856
43.9 6732.38 -114.564
44 6720.95 -114.272
44.1 6709.55 -113.98
44.2 6698.18 -113.689
44.3 6686.84 -113.398
44.4 6675.53 -113.107
44.5 6664.25 -112.816
44.6 6653 -112.525
44.7 6641.77 -112.235
44.8 6630.58 -111.944
44.9 6619.36 -112.224
45 6608.11 -112.502
45.1 6596.83 -112.781
45.2 6585.58 -112.489
45.3 6574.36 -112.197
45.4 6563.17 -111.906
45.5 6552.01 -111.615
45.6 6540.88 -111.325
45.7 6529.77 -111.034
45.8 6518.7 -110.744
45.9 6507.65 -110.454
46 6496.64 -110.164
46.1 6485.65 -109.874
46.2 6474.69 -109.585
46.3 6463.76 -109.296
46.4 6452.86 -109.007
46.5 6441.99 -108.718
46.6 6431.09 -109.001
46.7 6420.16 -109.283
46.8 6409.2 -109.565
46.9 6398.28 -109.274
47 6387.38 -108.984
47.1 6376.51 -108.695
47.2 6365.67 -108.405
47.3 6354.86 -108.116
47.4 6344.07 -107.827
47.5 6333.32 -107.538
47.6 6322.6 -107.25
47.7 6311.9 -106.961
47.8 6301.23 -106.673
47.9 6290.59 -106.385
48 6279.98 -106.097
48.1 6269.4 -105.81
48.2 6258.79 -106.096
48.3 6248.15 -106.381
48.4 6237.49 -106.666
48.5 6226.85 -106.377
48.6 6216.24 -106.088
48.7 6205.66 -105.8
48.8 6195.11 -105.512
48.9 6184.59 -105.224
49 6174.09 -104.936
49.1 6163.63 -104.648
49.2 6153.19 -104.361
49.3 6142.79 -104.074
49.4 6132.41 -103.787
49.5 6122.06 -103.5
49.6 6111.74 -103.214
49.7 6101.44 -102.927
49.8 6091.12 -103.216
49.9 6080.77 -103.505
50 6070.39 -103.793
50.1 6060.04 -103.505
50.2 6049.72 -103.218
50.3 6039.43 -102.93
50.4 6029.16 -102.643
50.5 6018.93 -102.357
50.6 6008.72 -102.07
50.7 5998.54 -101.784
50.8 5988.39 -101.498
50.9 5978.27 -101.212
51 5968.18 -100.926
51.1 5958.11 -100.641
51.2 5948.08 -100.355
51.3 5938.01 -100.647
51.4 5927.92 -100.938
51.5 5917.8 -101.229
51.6 5907.7 -100.943
51.7 5897.64 -100.656
51.8 5887.6 -100.37
51.9 5877.59 -100.084
52 5867.61 -99.7982
52.1 5857.66 -99.5126
52.2 5847.74 -99.2273
52.3 5837.84 -98.9422
52.4 5827.98 -98.6574
52.5 5818.14 -98.3727
52.6 5808.33 -98.0882
52.7 5798.55 -97.804
52.8 5788.74 -98.0986
52.9 5778.9 -98.3927
53 5769.03 -98.6862
53.1 5759.19 -98.4005
53.2 5749.38 -98.1151
53.3 5739.6 -97.8299
53.4 5729.84 -97.545
53.5 5720.12 -97.2602
53.6 5710.42 -96.9757
53.7 5700.75 -96.6914
53.8 5691.11 -96.4073
53.9 5681.5 -96.1234
54 5671.91 -95.8397
54.1 5662.36 -95.5563
54.2 5652.77 -95.8533
54.3 5643.16 -96.1498
54.4 5633.51 -96.4457
54.5 5623.9 -96.1609
54.6 5614.31 -95.8763
54.7 5604.75 -95.5919
54.8 5595.22 -95.3077
54.9 5585.72 -95.0237
55 5576.24 -94.74
55.1 5566.8 -94.4564
55.2 5557.38 -94.1731
55.3 5547.99 -93.89
55.4 5538.63 -93.6071
55.5 5529.3 -93.3245
55.6 5519.94 -93.6239
55.7 5510.54 -93.9228
55.8 5501.12 -94.2212
55.9 5491.73 -93.9371
56 5482.36 -93.6533
56.1 5473.03 -93.3697
56.2 5463.72 -93.0863
56.3 5454.44 -92.8031
56.4 5445.19 -92.5201
56.5 5435.96 -92.2373
56.6 5426.77 -91.9548
56.7 5417.6 -91.6725
56.8 5408.46 -91.3903
56.9 5399.35 -91.1084
57 5390.21 -91.4103
57.1 5381.04 -91.7116
57.2 5371.84 -92.0124
57.3 5362.66 -91.7292
57.4 5353.52 -91.4461
57.5 5344.4 -91.1632
57.6 5335.31 -90.8806
57.7 5326.25 -90.5982
57.8 5317.22 -90.316
57.9 5308.22 -90.0339
58 5299.24 -89.7522
58.1 5290.3 -89.4706
58.2 5281.38 -89.1892
58.3 5272.49 -88.908
58.4 5263.57 -89.2123
58.5 5254.61 -89.5161
58.6 5245.63 -89.8193
58.7 5236.68 -89.5368
58.8 5227.75 -89.2545
58.9 5218.86 -88.9724
59 5209.99 -88.6905
59.1 5201.15 -88.4088
59.2 5192.33 -88.1274
59.3 5183.55 -87.8461
59.4 5174.79 -87.5651
59.5 5166.06 -87.2842
59.6 5157.36 -87.0036
59.7 5148.63 -87.3099
59.8 5139.87 -87.6158
59.9 5131.08 -87.9211
60 5122.31 -87.6391
60.1 5113.58 -87.3573
60.2 5104.87 -87.0757
60.3 5096.19 -86.7944
60.4 5087.54 -86.5132
60.5 5078.92 -86.2323
60.6 5070.32 -85.9516
60.7 5061.75 -85.671
60.8 5053.22 -85.3907
60.9 5044.7 -85.1106
61 5036.16 -85.419
61.1 5027.59 -85.7269
61.2 5018.99 -86.0342
61.3 5010.41 -85.7528
61.4 5001.86 -85.4715
61.5 4993.35 -85.1905
61.6 4984.85 -84.9096
61.7 4976.39 -84.629
61.8 4967.96 -84.3486
61.9 4959.55 -84.0684
62 4951.17 -83.7883
62.1 4942.82 -83.5085
62.2 4934.5 -83.2289
62.3 4926.14 -83.5394
62.4 4917.76 -83.8493
62.5 4909.34 -84.1587
62.6 4900.95 -83.8778
62.7 4892.59 -83.597
62.8 4884.26 -83.3165
62.9 4875.96 -83.0362
63 4867.68 -82.756
63.1 4859.44 -82.4761
63.2 4851.22 -82.1964
63.3 4843.03 -81.9169
63.4 4834.86 -81.6375
63.5 4826.73 -81.3584
63.6 4818.56 -81.6709
63.7 4810.36 -81.9829
63.8 4802.13 -82.2944
63.9 4793.87 -82.6053
64 4785.64 -82.3244
64.1 4777.43 -82.0436
64.2 4769.26 -81.7631
64.3 4761.11 -81.4827
64.4 4752.99 -81.2026
64.5 4744.9 -80.9226
64.6 4736.83 -80.6429
64.7 4728.8 -80.3633
64.8 4720.79 -80.084
64.9 4712.81 -79.8049
65 4704.85 -79.5259
65.1 4696.93 -79.2472
65.2 4688.97 -79.5619
65.3 4680.99 -79.8761
65.4 4672.97 -80.1899
65.5 4664.98 -79.9098
65.6 4657.01 -79.6299
65.7 4649.08 -79.3503
65.8 4641.17 -79.0708
65.9 4633.29 -78.7915
66 4625.44 -78.5125
66.1 4617.62 -78.2336
66.2 4609.82 -77.9549
66.3 4602.05 -77.6764
66.4 4594.31 -77.3981
66.5 4586.54 -77.7149
66.6 4578.74 -78.0312
66.7 4570.9 -78.3469
66.8 4563.04 -78.6622
66.9 4555.2 -78.3821
67 4547.39 -78.1022
67.1 4539.61 -77.8225
67.2 4531.85 -77.543
67.3 4524.13 -77.2637
67.4 4516.43 -76.9846
67.5 4508.76 -76.7057
67.6 4501.12 -76.4269
67.7 4493.5 -76.1484
67.8 4485.91 -75.8701
67.9 4478.35 -75.5919
68 4470.82 -75.3139
68.1 4463.26 -75.6329
68.2 4455.66 -75.9514
68.3 4448.04 -76.2694
68.4 4440.38 -76.587
68.5 4432.75 -76.3072
68.6 4425.15 -76.0276
68.7 4417.57 -75.7483
68.8 4410.02 -75.4691
68.9 4402.5 -75.1902
69 4395.01 -74.9114
69.1 4387.55 -74.6328
69.2 4380.11 -74.3544
69.3 4372.71 -74.0762
69.4 4365.33 -73.7981
69.5 4357.98 -73.5203
69.6 4350.59 -73.8412
69.7 4343.18 -74.1615
69.8 4335.73 -74.4814
69.9 4328.31 -74.2023
70 4320.91 -73.9234
70.1 4313.55 -73.6446
70.2 4306.21 -73.3661
70.3 4298.9 -73.0877
70.4 4291.62 -72.8096
70.5 4284.37 -72.5316
70.6 4277.14 -72.2538
70.7 4269.95 -71.9761
70.8 4262.72 -72.2987
70.9 4255.46 -72.6207
71 4248.16 -72.9422
71.1 4240.83 -73.2633
71.2 4233.54 -72.9839
71.3 4226.27 -72.7047
71.4 4219.02 -72.4257
71.5 4211.81 -72.1469
71.6 4204.62 -71.8683
71.7 4197.46 -71.5898
71.8 4190.33 -71.3116
71.9 4183.23 -71.0335
72 4176.15 -70.7556
72.1 4169.11 -70.4779
72.2 4162.09 -70.2004
72.3 4155.03 -70.5248
72.4 4147.95 -70.8487
72.5 4140.83 -71.1721
72.6 4133.74 -70.8933
72.7 4126.68 -70.6147
72.8 4119.65 -70.3362
72.9 4112.64 -70.058
73 4105.66 -69.7799
73.1 4098.71 -69.5021
73.2 4091.79 -69.2244
73.3 4084.89 -68.9468
73.4 4078.03 -68.6695
73.5 4071.13 -68.9955
73.6 4064.2 -69.321
73.7 4057.23 -69.6461
73.8 4050.23 -69.9707
73.9 4043.27 -69.6916
74 4036.32 -69.4127
74.1 4029.41 -69.134
74.2 4022.53 -68.8555
74.3 4015.67 -68.5771
74.4 4008.84 -68.299
74.5 4002.04 -68.021
74.6 3995.26 -67.7431
74.7 3988.51 -67.4655
74.8 3981.8 -67.188
74.9 3975.04 -67.5156
75 3968.26 -67.8426
75.1 3961.44 -68.1692
75.2 3954.65 -67.8905
75.3 3947.89 -67.6119
75.4 3941.16 -67.3336
75.5 3934.45 -67.0554
75.6 3927.78 -66.7774
75.7 3921.13 -66.4996
75.8 3914.5 -66.2219
75.9 3907.91 -65.9444
76 3901.34 -65.6671
76.1 3894.74 -65.9962
76.2 3888.11 -66.3249
76.3 3881.45 -66.6531
76.4 3874.75 -66.9809
76.5 3868.08 -66.7018
76.6 3861.44 -66.423
76.7 3854.82 -66.1443
76.8 3848.23 -65.8658
76.9 3841.68 -65.5875
77 3835.14 -65.3094
77.1 3828.64 -65.0314
77.2 3822.17 -64.7536
77.3 3815.72 -64.476
77.4 3809.3 -64.1985
77.5 3802.85 -64.5291
77.6 3796.36 -64.8593
77.7 3789.84 -65.189
77.8 3783.29 -65.5182
77.9 3776.76 -65.2391
78 3770.27 -64.9601
78.1 3763.8 -64.6813
78.2 3757.36 -64.4026
78.3 3750.95 -64.1242
78.4 3744.56 -63.8459
78.5 3738.21 -63.5677
78.6 3731.88 -63.2898
78.7 3725.58 -63.012
78.8 3719.3 -62.7343
78.9 3713 -63.0664
79 3706.66 -63.3981
79.1 3700.28 -63.7293
79.2 3693.94 -63.4504
79.3 3687.62 -63.1717
79.4 3681.33 -62.8932
79.5 3675.07 -62.6149
79.6 3668.84 -62.3367
79.7 3662.63 -62.0587
79.8 3656.45 -61.7808
79.9 3650.3 -61.5031
80 3644.12 -61.8365
80.1 3637.9 -62.1694
80.2 3631.65 -62.5019
80.3 3625.37 -62.8339
80.4 3619.11 -62.5546
80.5 3612.89 -62.2754
80.6 3606.69 -61.9963
80.7 3600.51 -61.7175
80.8 3594.37 -61.4388
80.9 3588.25 -61.1603
81 3582.17 -60.8819
81.1 3576.11 -60.6037
81.2 3570.07 -60.3256
81.3 3564.07 -60.0477
81.4 3558.03 -60.3826
81.5 3551.96 -60.717
81.6 3545.85 -61.0509
81.7 3539.71 -61.3844
81.8 3533.6 -61.1049
81.9 3527.52 -60.8255
82 3521.47 -60.5463
82.1 3515.44 -60.2672
82.2 3509.44 -59.9884
82.3 3503.47 -59.7096
82.4 3497.53 -59.431
82.5 3491.61 -59.1526
82.6 3485.72 -58.8744
82.7 3479.87 -58.5962
82.8 3473.97 -58.9325
82.9 3468.05 -59.2684
83 3462.08 -59.6038
83.1 3456.09 -59.9388
83.2 3450.13 -59.659
83.3 3444.19 -59.3795
83.4 3438.28 -59.1
83.5 3432.4 -58.8208
83.6 3426.54 -58.5417
83.7 3420.71 -58.2627
83.8 3414.92 -57.9839
83.9 3409.15 -57.7053
84 3403.4 -57.4268
84.1 3397.69 -57.1484
84.2 3391.94 -57.4862
84.3 3386.16 -57.8235
84.4 3380.34 -58.1604
84.5 3374.49 -58.4968
84.6 3368.67 -58.2168
84.7 3362.88 -57.937
84.8 3357.11 -57.6574
84.9 3351.37 -57.3779
85 3345.66 -57.0986
85.1 3339.98 -56.8194
85.2 3334.33 -56.5403
85.3 3328.7 -56.2614
85.4 3323.1 -55.9827
85.5 3317.47 -56.3216
85.6 3311.8 -56.66
85.7 3306.1 -56.998
85.8 3300.37 -57.3356
85.9 3294.67 -57.0552
86 3288.99 -56.775
86.1 3283.34 -56.495
86.2 3277.72 -56.2151
86.3 3272.12 -55.9354
86.4 3266.56 -55.6558
86.5 3261.02 -55.3763
86.6 3255.51 -55.097
86.7 3250.03 -54.8179
86.8 3244.51 -55.1578
86.9 3238.96 -55.4974
87 3233.38 -55.8365
87.1 3227.82 -55.5562
87.2 3222.3 -55.2761
87.3 3216.8 -54.9961
87.4 3211.32 -54.7162
87.5 3205.88 -54.4365
87.6 3200.47 -54.1569
87.7 3195.08 -53.8774
87.8 3189.66 -54.2183
87.9 3184.2 -54.5588
88 3178.71 -54.8989
88.1 3173.25 -54.6183
88.2 3167.81 -54.3379
88.3 3162.41 -54.0576
88.4 3157.03 -53.7774
88.5 3151.68 -53.4974
88.6 3146.36 -53.2175
88.7 3141.07 -52.9378
88.8 3135.74 -53.2796
88.9 3130.38 -53.621
89 3124.98 -53.9619
89.1 3119.61 -53.6811
89.2 3114.27 -53.4004
89.3 3108.96 -53.1198
89.4 3103.68 -52.8393
89.5 3098.42 -52.559
89.6 3093.19 -52.2789
89.7 3087.99 -51.9988
89.8 3082.76 -52.3415
89.9 3077.49 -52.6838
90 3072.19 -53.0257
90.1 3066.85 -53.3672
90.2 3061.54 -53.0856
90.3 3056.26 -52.8042
90.4 3051.01 -52.5229
90.5 3045.78 -52.2417
90.6 3040.59 -51.9607
90.7 3035.42 -51.6798
90.8 3030.28 -51.399
90.9 3025.17 -51.1184
91 3020.08 -50.8379
91.1 3014.97 -51.1817
91.2 3009.81 -51.5251
91.3 3004.63 -51.8681
91.4 2999.41 -52.2107
91.5 2994.21 -51.9287
91.6 2989.05 -51.6468
91.7 2983.91 -51.365
91.8 2978.8 -51.0834
91.9 2973.72 -50.802
92 2968.67 -50.5206
92.1 2963.65 -50.2394
92.2 2958.65 -49.9583
92.3 2953.68 -49.6773
92.4 2948.68 -50.0222
92.5 2943.65 -50.3667
92.6 2938.57 -50.7108
92.7 2933.47 -51.0545
92.8 2928.39 -50.772
92.9 2923.34 -50.4897
93 2918.32 -50.2075
93.1 2913.33 -49.9254
93.2 2908.37 -49.6435
93.3 2903.43 -49.3617
93.4 2898.52 -49.08
93.5 2893.64 -48.7984
93.6 2888.73 -49.1441
93.7 2883.78 -49.4894
93.8 2878.79 -49.8343
93.9 2873.84 -49.5516
94 2868.91 -49.2691
94.1 2864.01 -48.9867
94.2 2859.14 -48.7044
94.3 2854.3 -48.4222
94.4 2849.49 -48.1402
94.5 2844.7 -47.8583
94.6 2839.88 -48.2049
94.7 2835.03 -48.551
94.8 2830.14 -48.8968
94.9 2825.21 -49.2422
95 2820.32 -48.9588
95.1 2815.45 -48.6755
95.2 2810.61 -48.3924
95.3 2805.8 -48.1094
95.4 2801.02 -47.8265
95.5 2796.26 -47.5437
95.6 2791.53 -47.2611
95.7 2786.84 -46.9785
95.8 2782.1 -47.3259
95.9 2777.34 -47.6729
96 2772.54 -48.0194
96.1 2767.76 -47.7358
96.2 2763.02 -47.4523
96.3 2758.3 -47.169
96.4 2753.61 -46.8857
96.5 2748.95 -46.6026
96.6 2744.32 -46.3196
96.7 2739.71 -46.0367
96.8 2735.08 -46.3849
96.9 2730.4 -46.7328
97 2725.7 -47.0802
97.1 2720.95 -47.4273
97.2 2716.24 -47.143
97.3 2711.55 -46.8587
97.4 2706.89 -46.5746
97.5 2702.27 -46.2906
97.6 2697.67 -46.0067
97.7 2693.09 -45.723
97.8 2688.55 -45.4393
97.9 2684.03 -45.1558
98 2679.48 -45.5048
98.1 2674.9 -45.8534
98.2 2670.28 -46.2017
98.3 2665.62 -46.5495
98.4 2661 -46.2645
98.5 2656.4 -45.9797
98.6 2651.83 -45.6949
98.7 2647.29 -45.4103
98.8 2642.77 -45.1258
98.9 2638.29 -44.8414
99 2633.83 -44.5571
99.1 2629.41 -44.2729
99.2 2624.95 -44.6227
99.3 2620.45 -44.9721
99.4 2615.92 -45.3211
99.5 2611.35 -45.6698
99.6 2606.81 -45.3841
99.7 2602.3 -45.0986
99.8 2597.82 -44.8133
99.9 2593.37 -44.528
100 2588.94 -44.2428
100.1 2584.55 -43.9577
100.2 2580.18 -43.6728
100.3 2575.84 -43.3879
100.4 2571.47 -43.7385
100.5 2567.06 -44.0887
100.6 2562.61 -44.4385
100.7 2558.14 -44.7879
100.8 2553.69 -44.5017
100.9 2549.26 -44.2155
101 2544.87 -43.9295
101.1 2540.51 -43.6435
101.2 2536.17 -43.3577
101.3 2531.86 -43.072
101.4 2527.58 -42.7864
101.5 2523.33 -42.5008
101.6 2519.05 -42.8522
101.7 2514.73 -43.2031
101.8 2510.37 -43.5537
101.9 2505.98 -43.9039
102 2501.62 -43.617
102.1 2497.29 -43.3302
102.2 2492.98 -43.0435
102.3 2488.71 -42.7569
102.4 2484.46 -42.4704
102.5 2480.24 -42.184
102.6 2476.05 -41.8977
102.7 2471.89 -41.6115
102.8 2467.7 -41.9636
102.9 2463.46 -42.3154
103 2459.2 -42.6667
103.1 2454.9 -43.0177
103.2 2450.62 -42.7302
103.3 2446.38 -42.4427
103.4 2442.16 -42.1553
103.5 2437.98 -41.868
103.6 2433.82 -41.5809
103.7 2429.69 -41.2938
103.8 2425.59 -41.0068
103.9 2421.52 -40.7199
104 2417.41 -41.0728
104.1 2413.27 -41.4253
104.2 2409.09 -41.7774
104.3 2404.88 -42.1292
104.4 2400.69 -41.8409
104.5 2396.54 -41.5528
104.6 2392.41 -41.2647
104.7 2388.31 -40.9768
104.8 2384.24 -40.6889
104.9 2380.2 -40.4011
105 2376.19 -40.1135
105.1 2372.21 -39.8259
105.2 2368.19 -40.1795
105.3 2364.14 -40.5328
105.4 2360.05 -40.8857
105.5 2355.93 -41.2382
105.6 2351.83 -40.9493
105.7 2347.76 -40.6605
105.8 2343.73 -40.3717
105.9 2339.72 -40.0831
106 2335.74 -39.7945
106.1 2331.79 -39.506
106.2 2327.87 -39.2176
106.3 2323.91 -39.5718
106.4 2319.92 -39.9255
106.5 2315.89 -40.2789
106.6 2311.83 -40.632
106.7 2307.79 -40.3422
106.8 2303.79 -40.0526
106.9 2299.81 -39.7631
107 2295.86 -39.4736
107.1 2291.94 -39.1843
107.2 2288.06 -38.895
107.3 2284.19 -38.6058
107.4 2280.36 -38.3167
107.5 2276.5 -38.6716
107.6 2272.59 -39.0261
107.7 2268.66 -39.3803
107.8 2264.68 -39.7341
107.9 2260.74 -39.4437
108 2256.82 -39.1533
108.1 2252.94 -38.8631
108.2 2249.08 -38.5729
108.3 2245.25 -38.2828
108.4 2241.45 -37.9929
108.5 2237.68 -37.7029
108.6 2233.87 -38.0583
108.7 2230.03 -38.4133
108.8 2226.16 -38.768
108.9 2222.24 -39.1223
109 2218.36 -38.8311
109.1 2214.51 -38.5399
109.2 2210.68 -38.2489
109.3 2206.89 -37.9579
109.4 2203.12 -37.667
109.5 2199.38 -37.3762
109.6 2195.67 -37.0855
109.7 2191.99 -36.7949
109.8 2188.28 -37.151
109.9 2184.53 -37.5067
110 2180.74 -37.8621
110.1 2176.92 -38.2172
110.2 2173.13 -37.9253
110.3 2169.36 -37.6334
110.4 2165.63 -37.3416
110.5 2161.93 -37.05
110.6 2158.25 -36.7583
110.7 2154.6 -36.4668
110.8 2150.99 -36.1753
110.9 2147.33 -36.5319
111 2143.64 -36.8882
111.1 2139.92 -37.2441
111.2 2136.16 -37.5996
111.3 2132.43 -37.3069
111.4 2128.73 -37.0142
111.5 2125.05 -36.7216
111.6 2121.41 -36.4291
111.7 2117.8 -36.1367
111.8 2114.21 -35.8443
111.9 2110.66 -35.552
112 2107.07 -35.9091
112.1 2103.44 -36.2658
112.2 2099.78 -36.6222
112.3 2096.08 -36.9783
112.4 2092.41 -36.6847
112.5 2088.77 -36.3913
112.6 2085.16 -36.0978
112.7 2081.58 -35.8045
112.8 2078.03 -35.5112
112.9 2074.51 -35.2181
113 2071.02 -34.9249
113.1 2067.55 -34.6319
113.2 2064.06 -34.9897
113.3 2060.52 -35.3472
113.4 2056.95 -35.7043
113.5 2053.34 -36.0611
113.6 2049.77 -35.7668
113.7 2046.22 -35.4726
113.8 2042.7 -35.1784
113.9 2039.21 -34.8843
114 2035.76 -34.5903
114.1 2032.33 -34.2963
114.2 2028.93 -34.0024
114.3 2025.49 -34.3607
114.4 2022.02 -34.7187
114.5 2018.51 -35.0763
114.6 2014.97 -35.4337
114.7 2011.45 -35.1385
114.8 2007.97 -34.8434
114.9 2004.51 -34.5484
115 2001.09 -34.2535
115.1 1997.69 -33.9586
115.2 1994.33 -33.6638
115.3 1990.99 -33.3691
115.4 1987.62 -33.7279
115.5 1984.21 -34.0863
115.6 1980.76 -34.4444
115.7 1977.28 -34.8022
115.8 1973.83 -34.5063
115.9 1970.41 -34.2104
116 1967.02 -33.9145
116.1 1963.66 -33.6188
116.2 1960.33 -33.323
116.3 1957.02 -33.0274
116.4 1953.75 -32.7318
116.5 1950.44 -33.091
116.6 1947.1 -33.45
116.7 1943.71 -33.8086
116.8 1940.3 -34.1669
116.9 1936.91 -33.8701
117 1933.55 -33.5733
117.1 1930.23 -33.2766
117.2 1926.93 -32.98
117.3 1923.66 -32.6834
117.4 1920.42 -32.3869
117.5 1917.21 -32.0905
117.6 1913.97 -32.4502
117.7 1910.69 -32.8096
117.8 1907.37 -33.1687
117.9 1904.02 -33.5275
118 1900.69 -33.2298
118.1 1897.4 -32.9322
118.2 1894.14 -32.6347
118.3 1890.9 -32.3372
118.4 1887.7 -32.0398
118.5 1884.52 -31.7424
118.6 1881.31 -32.1024
118.7 1878.07 -32.462
118.8 1874.79 -32.8214
118.9 1871.47 -33.1804
119 1868.18 -32.8818
119.1 1864.92 -32.5833
119.2 1861.69 -32.2849
119.3 1858.49 -31.9865
119.4 1855.33 -31.6881
119.5 1852.19 -31.3898
119.6 1849.08 -31.0916
119.7 1845.93 -31.452
119.8 1842.75 -31.8122
119.9 1839.53 -32.172
120 1836.28 -32.5315
120.1 1833.06 -32.2321
120.2 1829.86 -31.9327
120.3 1826.7 -31.6334
120.4 1823.57 -31.3342
120.5 1820.46 -31.035
120.6 1817.39 -30.7358
120.7 1814.35 -30.4367
120.8 1811.27 -30.7976
120.9 1808.15 -31.1582
121 1805 -31.5185
121.1 1801.81 -31.8785
121.2 1798.65 -31.5783
121.3 1795.53 -31.278
121.4 1792.43 -30.9778
121.5 1789.36 -30.6777
121.6 1786.32 -30.3776
121.7 1783.31 -30.0776
121.8 1780.34 -29.7776
121.9 1777.32 -30.139
122 1774.27 -30.5001
122.1 1771.19 -30.8609
122.2 1768.06 -31.2214
122.3 1764.97 -30.9202
122.4 1761.91 -30.6191
122.5 1758.88 -30.3181
122.6 1755.88 -30.017
122.7 1752.91 -29.7161
122.8 1749.96 -29.4151
122.9 1746.99 -29.7768
123 1743.97 -30.1381
123.1 1740.92 -30.4992
123.2 1737.84 -30.8599
123.3 1734.78 -30.5578
123.4 1731.76 -30.2558
123.5 1728.76 -29.9538
123.6 1725.79 -29.6519
123.7 1722.86 -29.35
123.8 1719.95 -29.0481
123.9 1717.08 -28.7463
124 1714.17 -29.1084
124.1 1711.22 -29.4702
124.2 1708.24 -29.8318
124.3 1705.22 -30.193
124.4 1702.23 -29.89
124.5 1699.27 -29.5871
124.6 1696.34 -29.2843
124.7 1693.45 -28.9814
124.8 1690.58 -28.6786
124.9 1687.74 -28.3759
125 1684.87 -28.7382
125.1 1681.96 -29.1003
125.2 1679.01 -29.4621
125.3 1676.03 -29.8236
125.4 1673.08 -29.5197
125.5 1670.15 -29.2158
125.6 1667.26 -28.912
125.7 1664.4 -28.6083
125.8 1661.57 -28.3045
125.9 1658.77 -28.0008
126 1656 -27.6972
126.1 1653.2 -28.06
126.2 1650.35 -28.4225
126.3 1647.48 -28.7848
126.4 1644.56 -29.1468
126.5 1641.68 -28.842
126.6 1638.82 -28.5373
126.7 1636 -28.2326
126.8 1633.21 -27.9279
126.9 1630.44 -27.6232
127 1627.71 -27.3186
127.1 1624.94 -27.6817
127.2 1622.14 -28.0445
127.3 1619.3 -28.407
127.4 1616.42 -28.7692
127.5 1613.58 -28.4635
127.6 1610.76 -28.1579
127.7 1607.97 -27.8522
127.8 1605.22 -27.5466
127.9 1602.5 -27.241
128 1599.8 -26.9355
128.1 1597.14 -26.6299
128.2 1594.44 -26.9935
128.3 1591.7 -27.3567
128.4 1588.93 -27.7197
128.5 1586.12 -28.0825
128.6 1583.35 -27.7758
128.7 1580.6 -27.4692
128.8 1577.88 -27.1627
128.9 1575.2 -26.8562
129 1572.54 -26.5497
129.1 1569.92 -26.2432
129.2 1567.26 -26.607
129.3 1564.56 -26.9705
129.4 1561.83 -27.3337
129.5 1559.06 -27.6967
129.6 1556.32 -27.3891
129.7 1553.61 -27.0816
129.8 1550.93 -26.7741
129.9 1548.29 -26.4666
130 1545.67 -26.1592
130.1 1543.09 -25.8517
130.2 1540.46 -26.2158
130.3 1537.81 -26.5795
130.4 1535.11 -26.943
130.5 1532.38 -27.3063
130.6 1529.68 -26.9978
130.7 1527.01 -26.6893
130.8 1524.37 -26.3808
130.9 1521.77 -26.0724
131 1519.19 -25.764
131.1 1516.65 -25.4556
131.2 1514.06 -25.8199
131.3 1511.44 -26.1839
131.4 1508.79 -26.5477
131.5 1506.1 -26.9112
131.6 1503.44 -26.6017
131.7 1500.81 -26.2923
131.8 1498.21 -25.9829
131.9 1495.64 -25.6735
132 1493.11 -25.3641
132.1 1490.6 -25.0548
132.2 1488.06 -25.4193
132.3 1485.48 -25.7836
132.4 1482.87 -26.1476
132.5 1480.22 -26.5114
132.6 1477.6 -26.201
132.7 1475.01 -25.8906
132.8 1472.45 -25.5802
132.9 1469.92 -25.2699
133 1467.43 -24.9596
133.1 1464.96 -24.6492
133.2 1462.46 -25.014
133.3 1459.92 -25.3786
133.4 1457.35 -25.7428
133.5 1454.74 -26.1069
133.6 1452.16 -25.7955
133.7 1449.61 -25.4842
133.8 1447.09 -25.1729
133.9 1444.61 -24.8616
134 1442.15 -24.5503
134.1 1439.73 -24.239
134.2 1437.33 -23.9277
134.3 1434.9 -24.293
134.4 1432.44 -24.658
134.5 1429.94 -25.0227
134.6 1427.4 -25.3872
134.7 1424.89 -25.0749
134.8 1422.41 -24.7626
134.9 1419.97 -24.4504
135 1417.55 -24.1381
135.1 1415.17 -23.8259
135.2 1412.82 -23.5136
135.3 1410.43 -23.8791
135.4 1408.01 -24.2444
135.5 1405.55 -24.6094
135.6 1403.05 -24.9741
135.7 1400.58 -24.6609
135.8 1398.15 -24.3476
135.9 1395.75 -24.0344
136 1393.37 -23.7212
136.1 1391.03 -23.408
136.2 1388.72 -23.0947
136.3 1386.38 -23.4605
136.4 1383.99 -23.826
136.5 1381.58 -24.1913
136.6 1379.12 -24.5563
136.7 1376.7 -24.2421
136.8 1374.3 -23.9278
136.9 1371.94 -23.6136
137 1369.61 -23.2994
137.1 1367.31 -22.9852
137.2 1364.98 -23.351
137.3 1362.61 -23.7166
137.4 1360.2 -24.0819
137.5 1357.75 -24.447
137.6 1355.34 -24.1318
137.7 1352.96 -23.8166
137.8 1350.61 -23.5014
137.9 1348.29 -23.1862
138 1346 -22.8711
138.1 1343.75 -22.5559
138.2 1341.45 -22.9219
138.3 1339.13 -23.2878
138.4 1336.76 -23.6533
138.5 1334.36 -24.0187
138.6 1331.99 -23.7025
138.7 1329.65 -23.3863
138.8 1327.34 -23.0702
138.9 1325.07 -22.754
139 1322.82 -22.4378
139.1 1320.61 -22.1217
139.2 1318.36 -22.488
139.3 1316.08 -22.8541
139.4 1313.76 -23.2199
139.5 1311.4 -23.5855
139.6 1309.07 -23.2684
139.7 1306.78 -22.9512
139.8 1304.51 -22.6341
139.9 1302.28 -22.317
140 1300.08 -21.9998
140.1 1297.91 -21.6826
140.2 1295.71 -22.0492
140.3 1293.47 -22.4156
140.4 1291.19 -22.7817
140.5 1288.87 -23.1475
140.6 1286.59 -22.8294
140.7 1284.34 -22.5113
140.8 1282.12 -22.1932
140.9 1279.93 -21.875
141 1277.78 -21.5569
141.1 1275.65 -21.2387
141.2 1273.49 -21.6056
141.3 1271.29 -21.9722
141.4 1269.06 -22.3385
141.5 1266.79 -22.7047
141.6 1264.55 -22.3856
141.7 1262.34 -22.0665
141.8 1260.17 -21.7473
141.9 1258.03 -21.4282
142 1255.92 -21.1091
142.1 1253.77 -21.476
142.2 1251.58 -21.8426
142.3 1249.36 -22.2091
142.4 1247.11 -22.5753
142.5 1244.88 -22.2552
142.6 1242.69 -21.9351
142.7 1240.53 -21.615
142.8 1238.4 -21.2949
142.9 1236.3 -20.9747
143 1234.23 -20.6546
143.1 1232.13 -21.0218
143.2 1229.99 -21.3887
143.3 1227.82 -21.7554
143.4 1225.6 -22.1219
143.5 1223.42 -21.8008
143.6 1221.28 -21.4797
143.7 1219.16 -21.1586
143.8 1217.08 -20.8375
143.9 1215.02 -20.5164
144 1213.01 -20.1952
144.1 1210.95 -20.5626
144.2 1208.86 -20.9298
144.3 1206.73 -21.2968
144.4 1204.56 -21.6635
144.5 1202.43 -21.3414
144.6 1200.32 -21.0194
144.7 1198.25 -20.6973
144.8 1196.22 -20.3751
144.9 1194.21 -20.053
145 1192.17 -20.4205
145.1 1190.09 -20.7877
145.2 1187.98 -21.1548
145.3 1185.82 -21.5216
145.4 1183.7 -21.1985
145.5 1181.62 -20.8755
145.6 1179.56 -20.5524
145.7 1177.54 -20.2293
145.8 1175.55 -19.9061
145.9 1173.59 -19.583
146 1171.59 -19.9507
146.1 1169.56 -20.3183
146.2 1167.49 -20.6856
146.3 1165.39 -21.0526
146.4 1163.31 -20.7286
146.5 1161.27 -20.4045
146.6 1159.27 -20.0804
146.7 1157.29 -19.7563
146.8 1155.35 -19.4321
146.9 1153.44 -19.108
147 1151.49 -19.476
147.1 1149.5 -19.8438
147.2 1147.48 -20.2113
147.3 1145.43 -20.5787
147.4 1143.4 -20.2536
147.5 1141.41 -19.9285
147.6 1139.45 -19.6034
147.7 1137.52 -19.2783
147.8 1135.62 -18.9531
147.9 1133.69 -19.3212
148 1131.72 -19.689
148.1 1129.72 -20.0567
148.2 1127.67 -20.4241
148.3 1125.67 -20.098
148.4 1123.69 -19.772
148.5 1121.74 -19.4459
148.6 1119.83 -19.1197
148.7 1117.95 -18.7936
148.8 1116.11 -18.4674
148.9 1114.22 -18.8357
149 1112.3 -19.2038
149.1 1110.34 -19.5717
149.2 1108.35 -19.9394
149.3 1106.39 -19.6124
149.4 1104.46 -19.2853
149.5 1102.56 -18.9581
149.6 1100.7 -18.631
149.7 1098.87 -18.3038
149.8 1097 -18.6722
149.9 1095.1 -19.0404
150 1093.16 -19.4084
150.1 1091.18 -19.7762
150.2 1089.24 -19.4481
150.3 1087.32 -19.12
150.4 1085.45 -18.7919
150.5 1083.6 -18.4637
150.6 1081.79 -18.1355
150.7 1079.94 -18.504
150.8 1078.05 -18.8723
150.9 1076.12 -19.2404
151 1074.16 -19.6082
151.1 1072.24 -19.2792
151.2 1070.34 -18.9501
151.3 1068.48 -18.621
151.4 1066.65 -18.2918
151.5 1064.85 -17.9626
151.6 1063.09 -17.6334
151.7 1061.29 -18.0021
151.8 1059.45 -18.3707
151.9 1057.58 -18.739
152 1055.67 -19.1071
152.1 1053.79 -18.7771
152.2 1051.94 -18.4469
152.3 1050.13 -18.1168
152.4 1048.35 -17.7866
152.5 1046.61 -17.4564
152.6 1044.83 -17.8252
152.7 1043.01 -18.1938
152.8 1041.15 -18.5622
152.9 1039.26 -18.9305
153 1037.4 -18.5994
153.1 1035.57 -18.2682
153.2 1033.78 -17.9371
153.3 1032.02 -17.6059
153.4 1030.29 -17.2747
153.5 1028.52 -17.6436
153.6 1026.72 -18.0123
153.7 1024.89 -18.3808
153.8 1023.01 -18.7491
153.9 1021.17 -18.417
154 1019.36 -18.0849
154.1 1017.59 -17.7527
154.2 1015.84 -17.4205
154.3 1014.13 -17.0883
154.4 1012.46 -16.756
154.5 1010.75 -17.1252
154.6 1009 -17.4942
154.7 1007.21 -17.8629
154.8 1005.39 -18.2315
154.9 1003.6 -17.8984
155 1001.84 -17.5652
155.1 1000.12 -17.232
155.2 998.428 -16.8988
155.3 996.771 -16.5655
155.4 995.078 -16.9347
155.5 993.348 -17.3038
155.6 991.58 -17.6727
155.7 989.776 -18.0413
155.8 988.005 -17.7072
155.9 986.268 -17.373
156 984.564 -17.0388
156.1 982.894 -16.7046
156.2 981.257 -16.3702
156.3 979.583 -16.7396
156.4 977.872 -17.1087
156.5 976.124 -17.4777
156.6 974.339 -17.8465
156.7 972.588 -17.5113
156.8 970.871 -17.1762
156.9 969.187 -16.8409
157 967.536 -16.5057
157.1 965.919 -16.1703
157.2 964.265 -16.5398
157.3 962.574 -16.909
157.4 960.846 -17.2781
157.5 959.082 -17.6469
157.6 957.351 -17.3108
157.7 955.653 -16.9746
157.8 953.989 -16.6384
157.9 952.359 -16.3021
158 950.763 -15.9657
158.1 949.129 -16.3353
158.2 947.459 -16.7046
158.3 945.751 -17.0738
158.4 944.007 -17.4427
158.5 942.296 -17.1056
158.6 940.619 -16.7684
158.7 938.976 -16.4311
158.8 937.367 -16.0938
158.9 935.791 -15.7565
159 934.249 -15.4191
159.1 932.671 -15.7888
159.2 931.055 -16.1584
159.3 929.402 -16.5279
159.4 927.712 -16.8971
159.5 926.056 -16.5589
159.6 924.434 -16.2206
159.7 922.846 -15.8823
159.8 921.292 -15.5439
159.9 919.771 -15.2055
160 918.214 -15.5754
160.1 916.619 -15.9451
160.2 914.988 -16.3146
160.3 913.319 -16.6839
160.4 911.685 -16.3447
160.5 910.084 -16.0054
160.6 908.518 -15.6661
160.7 906.985 -15.3267
160.8 905.486 -14.9872
160.9 903.95 -15.3572
161 902.378 -15.727
161.1 900.768 -16.0966
161.2 899.122 -16.466
161.3 897.509 -16.1258
161.4 895.93 -15.7855
161.5 894.386 -15.4451
161.6 892.875 -15.1047
161.7 891.399 -14.7642
161.8 889.886 -15.1343
161.9 888.335 -15.5042
162 886.748 -15.8739
162.1 885.123 -16.2434
162.2 883.533 -15.9022
162.3 881.977 -15.5609
162.4 880.455 -15.2195
162.5 878.967 -14.878
162.6 877.514 -14.5365
162.7 876.023 -14.9067
162.8 874.495 -15.2767
162.9 872.931 -15.6465
163 871.329 -16.0161
163.1 869.762 -15.6739
163.2 868.229 -15.3315
163.3 866.73 -14.9891
163.4 865.265 -14.6466
163.5 863.835 -14.3041
163.6 862.367 -14.6744
163.7 860.863 -15.0445
163.8 859.321 -15.4144
163.9 857.743 -15.7841
164 856.199 -15.4408
164.1 854.689 -15.0974
164.2 853.214 -14.754
164.3 851.773 -14.4105
164.4 850.366 -14.0669
164.5 848.922 -14.4373
164.6 847.441 -14.8075
164.7 845.924 -15.1775
164.8 844.369 -15.5474
164.9 842.849 -15.203
165 841.363 -14.8586
165.1 839.911 -14.5142
165.2 838.494 -14.1696
165.3 837.112 -13.825
165.4 835.692 -14.1955
165.5 834.236 -14.5658
165.6 832.742 -14.9359
165.7 831.212 -15.3059
165.8 829.715 -14.9605
165.9 828.254 -14.6151
166 826.827 -14.2696
166.1 825.435 -13.924
166.2 824.077 -13.5784
166.3 822.682 -13.9489
166.4 821.25 -14.3193
166.5 819.781 -14.6896
166.6 818.275 -15.0596
166.7 816.804 -14.7132
166.8 815.367 -14.3668
166.9 813.965 -14.0202
167 812.598 -13.6736
167.1 811.265 -13.3269
167.2 809.895 -13.6976
167.3 808.488 -14.0681
167.4 807.045 -14.4384
167.5 805.564 -14.8086
167.6 804.118 -14.4612
167.7 802.706 -14.1137
167.8 801.33 -13.7661
167.9 799.988 -13.4185
168 798.609 -13.7891
168.1 797.193 -14.1596
168.2 795.74 -14.5298
168.3 794.25 -14.9
168.4 792.795 -14.5516
168.5 791.374 -14.2031
168.6 789.989 -13.8546
168.7 788.638 -13.506
168.8 787.323 -13.1573
168.9 785.97 -13.528
169 784.58 -13.8986
169.1 783.153 -14.269
169.2 781.689 -14.6392
169.3 780.26 -14.2898
169.4 778.866 -13.9403
169.5 777.507 -13.5907
169.6 776.183 -13.241
169.7 774.894 -12.8913
169.8 773.568 -13.2621
169.9 772.204 -13.6328
170 770.804 -14.0033
170.1 769.367 -14.3737
170.2 767.964 -14.0232
170.3 766.597 -13.6726
170.4 765.265 -13.322
170.5 763.968 -12.9713
170.6 762.706 -12.6205
170.7 761.407 -12.9915
170.8 760.07 -13.3622
170.9 758.697 -13.7329
171 757.287 -14.1033
171.1 755.912 -13.7518
171.2 754.572 -13.4002
171.3 753.267 -13.0486
171.4 751.997 -12.6968
171.5 750.763 -12.3449
171.6 749.491 -12.716
171.7 748.182 -13.0869
171.8 746.836 -13.4576
171.9 745.454 -13.8282
172 744.106 -13.4757
172.1 742.794 -13.123
172.2 741.517 -12.7703
172.3 740.275 -12.4175
172.4 739.069 -12.0646
172.5 737.825 -12.4357
172.6 736.544 -12.8067
172.7 735.227 -13.1776
172.8 733.872 -13.5483
172.9 732.48 -13.9188
173 731.123 -13.565
173.1 729.802 -13.2112
173.2 728.516 -12.8572
173.3 727.266 -12.5032
173.4 726.051 -12.1491
173.5 724.799 -12.5202
173.6 723.51 -12.8912
173.7 722.184 -13.262
173.8 720.821 -13.6327
173.9 719.493 -13.2778
174 718.201 -12.9229
174.1 716.944 -12.5679
174.2 715.722 -12.2128
174.3 714.537 -11.8577
174.4 713.314 -12.2289
174.5 712.054 -12.6
174.6 710.757 -12.9709
174.7 709.423 -13.3417
174.8 708.124 -12.9858
174.9 706.861 -12.6298
175 705.634 -12.2738
175.1 704.442 -11.9176
175.2 703.286 -11.5614
175.3 702.092 -11.9327
175.4 700.862 -12.3039
175.5 699.595 -12.675
175.6 698.29 -13.0459
175.7 697.021 -12.6889
175.8 695.788 -12.3319
175.9 694.59 -11.9748
176 693.429 -11.6176
176.1 692.23 -11.9889
176.2 690.994 -12.36
176.3 689.721 -12.7311
176.4 688.41 -13.1019
176.5 687.136 -12.744
176.6 685.897 -12.386
176.7 684.695 -12.0279
176.8 683.528 -11.6697
176.9 682.397 -11.3115
177 681.228 -11.6829
177.1 680.023 -12.0542
177.2 678.78 -12.4253
177.3 677.501 -12.7963
177.4 676.257 -12.4373
177.5 675.049 -12.0783
177.6 673.877 -11.7191
177.7 672.741 -11.3598
177.8 671.641 -11.0005
177.9 670.504 -11.372
178 669.33 -11.7434
178.1 668.118 -12.1147
178.2 666.87 -12.4858
178.3 665.657 -12.1257
178.4 664.48 -11.7656
178.5 663.34 -11.4054
178.6 662.235 -11.045
178.7 661.094 -11.4166
178.8 659.915 -11.7879
178.9 658.699 -12.1592
179 657.446 -12.5303
179.1 656.229 -12.1692
179.2 655.048 -11.8081
179.3 653.904 -11.4469
179.4 652.795 -11.0856
179.5 651.723 -10.7242
179.6 650.613 -11.0958
179.7 649.466 -11.4673
179.8 648.282 -11.8387
179.9 647.061 -12.2099
180 645.877 -11.8478
180.1 644.728 -11.4856
180.2 643.616 -11.1233
180.3 642.54 -10.7609
180.4 641.5 -10.3984
180.5 640.423 -10.7702
180.6 639.309 -11.1418
180.7 638.157 -11.5133
180.8 636.969 -11.8846
180.9 635.743 -12.2558
181 634.554 -11.8925
181.1 633.401 -11.5291
181.2 632.285 -11.1656
181.3 631.204 -10.802
181.4 630.161 -10.4382
181.5 629.08 -10.81
181.6 627.961 -11.1815
181.7 626.806 -11.553
181.8 625.614 -11.9243
181.9 624.458 -11.5599
182 623.338 -11.1954
182.1 622.255 -10.8309
182.2 621.208 -10.4662
182.3 620.198 -10.1013
182.4 619.151 -10.4732
182.5 618.066 -10.8449
182.6 616.945 -11.2165
182.7 615.786 -11.5879
182.8 614.664 -11.2224
182.9 613.578 -10.8569
183 612.529 -10.4912
183.1 611.516 -10.1254
183.2 610.467 -10.4972
183.3 609.38 -10.8689
183.4 608.256 -11.2405
183.5 607.095 -11.6119
183.6 605.97 -11.2455
183.7 604.882 -10.8789
183.8 603.831 -10.5122
183.9 602.816 -10.1455
184 601.839 -9.77856
184.1 600.823 -10.1505
184.2 599.771 -10.5223
184.3 598.682 -10.894
184.4 597.555 -11.2656
184.5 596.465 -10.898
184.6 595.412 -10.5304
184.7 594.396 -10.1626
184.8 593.417 -9.79474
184.9 592.4 -10.1667
185 591.346 -10.5385
185.1 590.255 -10.9102
185.2 589.127 -11.2817
185.3 588.036 -10.9132
185.4 586.981 -10.5446
185.5 585.964 -10.1758
185.6 584.983 -9.80695
185.7 584.039 -9.43797
185.8 583.058 -9.81002
185.9 582.04 -10.1819
186 580.985 -10.5537
186.1 579.892 -10.9254
186.2 578.762 -11.297
186.3 577.67 -10.9272
186.4 576.614 -10.5573
186.5 575.595 -10.1874
186.6 574.613 -9.81727
186.7 573.669 -9.44706
186.8 572.687 -9.8191
186.9 571.668 -10.191
187 570.611 -10.5628
187.1 569.518 -10.9345
187.2 568.462 -10.5636
187.3 567.442 -10.1927
187.4 566.46 -9.82159
187.5 565.515 -9.45039
187.6 564.533 -9.82243
187.7 563.513 -10.1943
187.8 562.457 -10.5661
187.9 561.363 -10.9378
188 560.307 -10.566
188.1 559.287 -10.194
188.2 558.305 -9.82195
188.3 557.36 -9.44976
188.4 556.452 -9.07744
188.5 555.507 -9.44959
188.6 554.525 -9.82163
188.7 553.506 -10.1935
188.8 552.449 -10.5653
188.9 551.43 -10.1924
189 550.448 -9.81934
189.1 549.503 -9.44616
189.2 548.596 -9.07286
189.3 547.652 -9.44501
189.4 546.67 -9.81705
189.5 545.651 -10.189
189.6 544.595 -10.5608
189.7 543.576 -10.1868
189.8 542.595 -9.81278
189.9 541.651 -9.43861
190 540.745 -9.06431
190.1 539.876 -8.68988
190.2 538.969 -9.06215
190.3 538.026 -9.4343
190.4 537.045 -9.80634
190.5 536.028 -10.1783
190.6 534.973 -10.5501
190.7 533.955 -10.1749
190.8 532.975 -9.79959
190.9 532.033 -9.42418
191 531.128 -9.04864
191.1 530.261 -8.67297
191.2 529.356 -9.04524
191.3 528.414 -9.4174
191.4 527.435 -9.78944
191.5 526.419 -10.1614
191.6 525.441 -9.78508
191.7 524.5 -9.40868
191.8 523.597 -9.03214
191.9 522.731 -8.65548
192 521.828 -9.02775
192.1 520.888 -9.39991
192.2 519.911 -9.77196
192.3 518.897 -10.1439
192.4 517.92 -9.76661
192.5 516.981 -9.38921
192.6 516.08 -9.01168
192.7 515.217 -8.63401
192.8 514.391 -8.25621
192.9 513.528 -8.6286
193 512.628 -9.00089
193.1 511.691 -9.37306
193.2 510.716 -9.74511
193.3 509.704 -10.117
193.4 508.731 -9.73852
193.5 507.795 -9.35987
193.6 506.897 -8.98109
193.7 506.036 -8.60218
193.8 505.214 -8.22313
193.9 504.354 -8.59553
194 503.458 -8.96782
194.1 502.524 -9.34
194.2 501.552 -9.71206
194.3 500.619 -9.33241
194.4 499.724 -8.95264
194.5 498.867 -8.57273
194.6 498.047 -8.19268
194.7 497.191 -8.56508
194.8 496.297 -8.93738
194.9 495.366 -9.30957
195 494.398 -9.68164
195.1 493.468 -9.30099
195.2 492.576 -8.92021
195.3 491.722 -8.5393
195.4 490.906 -8.15825
195.5 490.053 -8.53066
195.6 489.163 -8.90297
195.7 488.235 -9.27517
195.8 487.271 -9.64725
195.9 486.344 -9.26559
196 485.456 -8.88381
196.1 484.605 -8.5019
196.2 483.793 -8.11984
196.3 483.02 -7.73764
196.4 482.209 -8.11017
196.5 481.36 -8.4826
196.6 480.475 -8.85492
196.7 479.552 -9.22713
196.8 478.592 -9.59922
196.9 477.671 -9.21632
197 476.787 -8.83328
197.1 475.942 -8.45011
197.2 475.136 -8.06679
197.3 474.367 -7.68334
197.4 473.562 -8.05588
197.5 472.719 -8.42832
197.6 471.839 -8.80065
197.7 470.922 -9.17288
197.8 470.043 -8.78884
197.9 469.202 -8.40466
198 468.4 -8.02034
198.1 467.637 -7.63587
198.2 466.836 -8.00842
198.3 465.998 -8.38088
198.4 465.122 -8.75322
198.5 464.21 -9.12546
198.6 463.336 -8.74041
198.7 462.5 -8.35522
198.8 461.703 -7.96989
198.9 460.945 -7.58442
199 460.149 -7.95698
199.1 459.316 -8.32945
199.2 458.446 -8.70181
199.3 457.539 -9.07407
199.4 456.67 -8.68801
199.5 455.84 -8.30181
199.6 455.048 -7.91547
199.7 454.295 -7.52898
199.8 453.505 -7.90156
199.9 452.678 -8.27404
200 451.813 -8.64642
200.1 450.911 -9.01868
200.2 450.048 -8.63161
200.3 449.223 -8.2444
200.4 448.438 -7.85705
200.5 447.691 -7.46955
200.6 446.983 -7.08189
200.7 446.237 -7.45458
200.8 445.454 -7.82718
200.9 444.634 -8.19968
201 443.777 -8.57208
201.1 442.883 -8.94437
201.2 442.027 -8.55603
201.3 441.21 -8.16756
201.4 440.433 -7.77893
201.5 439.694 -7.39016
201.6 438.993 -7.00123
201.7 438.256 -7.37394
201.8 437.481 -7.74656
201.9 436.669 -8.11909
202 435.82 -8.49151
202.1 434.934 -8.86382
202.2 434.086 -8.47421
202.3 433.278 -8.08446
202.4 432.509 -7.69457
202.5 431.778 -7.30452
202.6 431.087 -6.91432
202.7 430.358 -7.28706
202.8 429.592 -7.6597
202.9 428.789 -8.03224
203 427.948 -8.40469
203.1 427.147 -8.01392
203.2 426.385 -7.62301
203.3 425.661 -7.23194
203.4 424.977 -6.84072
203.5 424.256 -7.21347
203.6 423.497 -7.58613
203.7 422.702 -7.95869
203.8 421.868 -8.33115
203.9 421.074 -7.93937
204 420.32 -7.54743
204.1 419.604 -7.15535
204.2 418.928 -6.7631
204.3 418.214 -7.13587
204.4 417.463 -7.50855
204.5 416.675 -7.88113
204.6 415.85 -8.25361
204.7 415.064 -7.86081
204.8 414.317 -7.46785
204.9 413.61 -7.07474
205 412.942 -6.68146
205.1 412.236 -7.05425
205.2 411.493 -7.42695
205.3 410.713 -7.79956
205.4 409.896 -8.17206
205.5 409.118 -7.77823
205.6 408.38 -7.38425
205.7 407.681 -6.99011
205.8 407.021 -6.59581
205.9 406.325 -6.96862
206 405.59 -7.34134
206.1 404.819 -7.71396
206.2 404.01 -8.08649
206.3 403.241 -7.69164
206.4 402.512 -7.29663
206.5 401.821 -6.90146
206.6 401.171 -6.50613
206.7 400.483 -6.87896
206.8 399.758 -7.2517
206.9 398.995 -7.62435
207 398.196 -7.9969
207.1 397.435 -7.60102
207.2 396.715 -7.20498
207.3 396.034 -6.80878
207.4 395.393 -6.41242
207.5 394.714 -6.78527
207.6 393.999 -7.15803
207.7 393.245 -7.53071
207.8 392.455 -7.90328
207.9 391.704 -7.50637
208 390.994 -7.1093
208.1 390.322 -6.71207
208.2 389.691 -6.31467
208.3 389.022 -6.68755
208.4 388.316 -7.06033
208.5 387.573 -7.43303
208.6 386.792 -7.80563
208.7 386.051 -7.40769
208.8 385.35 -7.00959
208.9 384.689 -6.61132
209 384.068 -6.21289
209.1 383.409 -6.58578
209.2 382.714 -6.9586
209.3 381.981 -7.33132
209.4 381.21 -7.70394
209.5 380.48 -7.30497
209.6 379.789 -6.90583
209.7 379.138 -6.50653
209.8 378.528 -6.10706
209.9 377.88 -6.47998
210 377.194 -6.85281
210.1 376.472 -7.22556
210.2 375.712 -7.59821
210.3 374.992 -7.1982
210.4 374.312 -6.79803
210.5 373.673 -6.39769
210.6 373.073 -5.99717
210.7 372.436 -6.37012
210.8 371.762 -6.74298
210.9 371.05 -7.11575
211 370.301 -7.48843
211.1 369.592 -7.08738
211.2 368.924 -6.68617
211.3 368.295 -6.28479
211.4 367.707 -5.88323
211.5 367.081 -6.2562
211.6 366.418 -6.62908
211.7 365.718 -7.00188
211.8 364.981 -7.37459
211.9 364.284 -6.9725
212 363.627 -6.57025
212.1 363.01 -6.16782
212.2 362.433 -5.76522
212.3 361.819 -6.13821
212.4 361.168 -6.51112
212.5 360.48 -6.88395
212.6 359.754 -7.25669
212.7 359.069 -6.85356
212.8 358.424 -6.45026
212.9 357.819 -6.04679
213 357.255 -5.64314
213.1 356.653 -6.01616
213.2 356.014 -6.38909
213.3 355.338 -6.76195
213.4 354.625 -7.13472
213.5 353.874 -7.50739
213.6 353.164 -7.10312
213.7 352.494 -6.69868
213.8 351.864 -6.29407
213.9 351.275 -5.88929
214 350.727 -5.48433
214.1 350.141 -5.85738
214.2 349.518 -6.23035
214.3 348.858 -6.60324
214.4 348.16 -6.97604
214.5 347.425 -7.34876
214.6 346.731 -6.94318
214.7 346.077 -6.53743
214.8 345.464 -6.13151
214.9 344.892 -5.72542
215 344.282 -6.09842
215.1 343.635 -6.47134
215.2 342.95 -6.84417
215.3 342.229 -7.21692
215.4 341.548 -6.81029
215.5 340.907 -6.40349
215.6 340.308 -5.99652
215.7 339.749 -5.58937
215.8 339.152 -5.9624
215.9 338.519 -6.33535
216 337.848 -6.70821
216.1 337.14 -7.08099
216.2 336.473 -6.67331
216.3 335.846 -6.26547
216.4 335.26 -5.85744
216.5 334.715 -5.44923
216.6 334.133 -5.82228
216.7 333.514 -6.19526
216.8 332.857 -6.56816
216.9 332.163 -6.94097
217 331.509 -6.53224
217.1 330.897 -6.12334
217.2 330.326 -5.71425
217.3 329.795 -5.30498
217.4 329.227 -5.67807
217.5 328.622 -6.05108
217.6 327.98 -6.42401
217.7 327.3 -6.79685
217.8 326.662 -6.38707
217.9 326.064 -5.9771
218 325.507 -5.56696
218.1 324.991 -5.15662
218.2 324.438 -5.52974
218.3 323.848 -5.90277
218.4 323.221 -6.27574
218.5 322.556 -6.64862
218.6 321.932 -6.23777
218.7 321.349 -5.82675
218.8 320.808 -5.41554
218.9 320.307 -5.00414
219 319.77 -5.37728
219.1 319.195 -5.75035
219.2 318.582 -6.12334
219.3 317.933 -6.49626
219.4 317.246 -6.86908
219.5 316.6 -6.45709
219.6 315.996 -6.04491
219.7 315.432 -5.63256
219.8 314.91 -5.22002
219.9 314.351 -5.59312
220 313.754 -5.96614
220.1 313.12 -6.33909
220.2 312.449 -6.71196
220.3 311.819 -6.2989
220.4 311.231 -5.88566
220.5 310.684 -5.47224
220.6 310.178 -5.05863
220.7 309.635 -5.43176
220.8 309.054 -5.80482
220.9 308.436 -6.1778
221 307.781 -6.5507
221.1 307.168 -6.13658
221.2 306.595 -5.72227
221.3 306.065 -5.30778
221.4 305.575 -4.89309
221.5 305.049 -5.26625
221.6 304.485 -5.63935
221.7 303.883 -6.01236
221.8 303.245 -6.3853
221.9 302.648 -5.97011
222 302.092 -5.55473
222.1 301.578 -5.13917
222.2 301.106 -4.72341
222.3 300.596 -5.0966
222.4 300.05 -5.46972
222.5 299.465 -5.84277
222.6 298.844 -6.21575
222.7 298.264 -5.79948
222.8 297.725 -5.38303
222.9 297.229 -4.96639
223 296.774 -4.54955
223.1 296.282 -4.92277
223.2 295.752 -5.29593
223.3 295.185 -5.66901
223.4 294.581 -6.04202
223.5 293.939 -6.41495
223.6 293.34 -5.99753
223.7 292.782 -5.57993
223.8 292.265 -5.16213
223.9 291.791 -4.74414
224 291.279 -5.11732
224.1 290.73 -5.49044
224.2 290.144 -5.86349
224.3 289.52 -6.23646
224.4 288.938 -5.81797
224.5 288.398 -5.39928
224.6 287.9 -4.9804
224.7 287.444 -4.56133
224.8 286.951 -4.93455
224.9 286.42 -5.3077
225 285.852 -5.68078
225.1 285.247 -6.05379
225.2 284.683 -5.63422
225.3 284.162 -5.21445
225.4 283.682 -4.79449
225.5 283.245 -4.37433
225.6 282.77 -4.74758
225.7 282.258 -5.12076
225.8 281.709 -5.49388
225.9 281.122 -5.86693
226 280.498 -6.2399
226.1 279.916 -5.81916
226.2 279.376 -5.39823
226.3 278.879 -4.97711
226.4 278.423 -4.55579
226.5 277.93 -4.92901
226.6 277.4 -5.30217
226.7 276.832 -5.67525
226.8 276.227 -6.04826
226.9 275.665 -5.62644
227 275.144 -5.20443
227.1 274.666 -4.78222
227.2 274.23 -4.3598
227.3 273.757 -4.73306
227.4 273.246 -5.10625
227.5 272.698 -5.47937
227.6 272.113 -5.85242
227.7 271.57 -5.42951
227.8 271.069 -5.00641
227.9 270.611 -4.58311
228 270.195 -4.1596
228.1 269.742 -4.53288
228.2 269.251 -4.90611
228.3 268.723 -5.27927
228.4 268.158 -5.65235
228.5 267.556 -6.02537
228.6 266.995 -5.60129
228.7 266.478 -5.17702
228.8 266.003 -4.75255
228.9 265.57 -4.32788
229 265.1 -4.70114
229.1 264.592 -5.07434
229.2 264.047 -5.44746
229.3 263.465 -5.82052
229.4 262.926 -5.39535
229.5 262.429 -4.96999
229.6 261.974 -4.54442
229.7 261.563 -4.11865
229.8 261.113 -4.49194
229.9 260.627 -4.86517
230 260.103 -5.23834
230.1 259.542 -5.61144
230.2 259.023 -5.18518
230.3 258.547 -4.75872
230.4 258.114 -4.33205
230.5 257.724 -3.90517
230.6 257.296 -4.27849
230.7 256.831 -4.65176
230.8 256.328 -5.02497
230.9 255.788 -5.3981
231 255.211 -5.77117
231.1 254.677 -5.34373
231.2 254.185 -4.9161
231.3 253.736 -4.48826
231.4 253.33 -4.06021
231.5 252.887 -4.43351
231.6 252.406 -4.80676
231.7 251.888 -5.17993
231.8 251.333 -5.55304
231.9 250.821 -5.12451
232 250.351 -4.69577
232.1 249.924 -4.26682
232.2 249.541 -3.83766
232.3 249.12 -4.211
232.4 248.661 -4.58428
232.5 248.165 -4.95749
232.6 247.632 -5.33065
232.7 247.062 -5.70372
232.8 246.535 -5.27401
232.9 246.05 -4.8441
233 245.609 -4.41397
233.1 245.21 -3.98364
233.2 244.775 -4.35695
233.3 244.302 -4.73021
233.4 243.791 -5.1034
233.5 243.244 -5.47652
233.6 242.739 -5.04571
233.7 242.278 -4.61468
233.8 241.859 -4.18345
233.9 241.484 -3.752
234 241.072 -4.12535
234.1 240.622 -4.49864
234.2 240.135 -4.87187
234.3 239.61 -5.24504
234.4 239.129 -4.81311
234.5 238.691 -4.38098
234.6 238.296 -3.94863
234.7 237.944 -3.51605
234.8 237.555 -3.88943
234.9 237.129 -4.26276
235 236.665 -4.63603
235.1 236.164 -5.00924
235.2 235.626 -5.38238
235.3 235.131 -4.94927
235.4 234.68 -4.51595
235.5 234.271 -4.08242
235.6 233.907 -3.64867
235.7 233.504 -4.02203
235.8 233.065 -4.39534
235.9 232.588 -4.76859
236 232.074 -5.14178
236.1 231.603 -4.70755
236.2 231.176 -4.27311
236.3 230.792 -3.83846
236.4 230.451 -3.40358
236.5 230.074 -3.77697
236.6 229.659 -4.15032
236.7 229.206 -4.52361
236.8 228.717 -4.89684
236.9 228.19 -5.27
237 227.706 -4.83458
237.1 227.266 -4.39896
237.2 226.87 -3.96312
237.3 226.517 -3.52705
237.4 226.127 -3.90043
237.5 225.7 -4.27376
237.6 225.235 -4.64703
237.7 224.733 -5.02024
237.8 224.275 -4.5837
237.9 223.86 -4.14695
238 223.489 -3.70998
238.1 223.162 -3.27279
238.2 222.797 -3.6462
238.3 222.395 -4.01956
238.4 221.956 -4.39287
238.5 221.479 -4.76612
238.6 220.965 -5.13931
238.7 220.495 -4.70158
238.8 220.069 -4.26364
238.9 219.686 -3.82548
239 219.348 -3.38709
239.1 218.972 -3.76049
239.2 218.558 -4.13384
239.3 218.108 -4.50713
239.4 217.619 -4.88036
239.5 217.175 -4.44151
239.6 216.775 -4.00243
239.7 216.419 -3.56314
239.8 216.106 -3.12361
239.9 215.757 -3.49704
240 215.37 -3.87043
240.1 214.945 -4.24376
240.2 214.484 -4.61703
240.3 213.985 -4.99025
240.4 213.53 -4.55019
240.5 213.119 -4.10992
240.6 212.752 -3.66943
240.7 212.429 -3.22871
240.8 212.069 -3.60213
240.9 211.671 -3.9755
241 211.236 -4.34882
241.1 210.764 -4.72207
241.2 210.336 -4.28089
241.3 209.952 -3.83948
241.4 209.612 -3.39785
241.5 209.235 -3.77125
241.6 208.82 -4.14459
241.7 208.369 -4.51789
241.8 207.88 -4.89112
241.9 207.435 -4.44901
242 207.034 -4.00669
242.1 206.678 -3.56414
242.2 206.365 -3.12135
242.3 206.016 -3.49479
242.4 205.629 -3.86817
242.5 205.205 -4.24151
242.6 204.744 -4.61478
242.7 204.326 -4.17154
242.8 203.954 -3.72807
242.9 203.625 -3.28438
243 203.259 -3.65779
243.1 202.856 -4.03116
243.2 202.416 -4.40447
243.3 201.938 -4.77771
243.4 201.505 -4.33355
243.5 201.116 -3.88916
243.6 200.771 -3.44455
243.7 200.471 -2.9997
243.8 200.134 -3.37315
243.9 199.759 -3.74655
244 199.347 -4.1199
244.1 198.898 -4.4932
244.2 198.411 -4.86643
244.3 197.969 -4.42106
244.4 197.572 -3.97546
244.5 197.219 -3.52964
244.6 196.91 -3.08358
244.7 196.565 -3.45702
244.8 196.182 -3.83041
244.9 195.761 -4.20375
245 195.304 -4.57704
245.1 194.891 -4.13051
245.2 194.522 -3.68377
245.3 194.198 -3.23679
245.4 193.92 -2.78957
245.5 193.603 -3.16304
245.6 193.25 -3.53647
245.7 192.859 -3.90986
245.8 192.43 -4.28318
245.9 191.965 -4.65645
246 191.544 -4.20872
246.1 191.168 -3.76076
246.2 190.836 -3.31257
246.3 190.55 -2.86414
246.4 190.226 -3.2376
246.5 189.865 -3.61102
246.6 189.467 -3.98439
246.7 189.031 -4.35771
246.8 188.64 -3.90882
246.9 188.294 -3.45971
247 187.993 -3.01035
247.1 187.655 -3.3838
247.2 187.279 -3.7572
247.3 186.866 -4.13055
247.4 186.416 -4.50385
247.5 186.01 -4.05403
247.6 185.65 -3.60399
247.7 185.334 -3.1537
247.8 185.064 -2.70318
247.9 184.756 -3.07666
248 184.411 -3.4501
248.1 184.029 -3.8235
248.2 183.609 -4.19684
248.3 183.152 -4.57012
248.4 182.74 -4.11908
248.5 182.374 -3.66782
248.6 182.052 -3.21631
248.7 181.776 -2.76457
248.8 181.462 -3.13805
248.9 181.111 -3.51148
249 180.722 -3.88487
249.1 180.296 -4.2582
249.2 179.916 -3.806
249.3 179.58 -3.35357
249.4 179.29 -2.90089
249.5 178.963 -3.27435
249.6 178.598 -3.64777
249.7 178.196 -4.02114
249.8 177.756 -4.39445
249.9 177.362 -3.94131
250 177.014 -3.48795
250.1 176.71 -3.03434
250.2 176.452 -2.58048
250.3 176.157 -2.95398
250.4 175.824 -3.32744
250.5 175.454 -3.70085
250.6 175.046 -4.07421
250.7 174.602 -4.44751
250.8 174.202 -3.99315
250.9 173.848 -3.53855
251 173.54 -3.08372
251.1 173.277 -2.62863
251.2 172.977 -3.00213
251.3 172.639 -3.37558
251.4 172.265 -3.74898
251.5 171.852 -4.12234
251.6 171.486 -3.6668
251.7 171.165 -3.21103
251.8 170.889 -2.75501
251.9 170.576 -3.12849
252 170.226 -3.50193
252.1 169.838 -3.87532
252.2 169.414 -4.24865
252.3 169.034 -3.79218
252.4 168.701 -3.33546
252.5 168.413 -2.87851
252.6 168.171 -2.4213
252.7 167.891 -2.79481
252.8 167.575 -3.16829
252.9 167.22 -3.54172
253 166.829 -3.91511
253.1 166.4 -4.28844
253.2 166.017 -3.83072
253.3 165.68 -3.37277
253.4 165.388 -2.91458
253.5 165.143 -2.45614
253.6 164.86 -2.82965
253.7 164.539 -3.20312
253.8 164.182 -3.57655
253.9 163.787 -3.94993
254 163.438 -3.49104
254.1 163.134 -3.0319
254.2 162.877 -2.57252
254.3 162.583 -2.94602
254.4 162.251 -3.31948
254.5 161.881 -3.69289
254.6 161.475 -4.06625
254.7 161.114 -3.60642
254.8 160.799 -3.14634
254.9 160.531 -2.68601
255 160.308 -2.22542
255.1 160.048 -2.59896
255.2 159.751 -2.97245
255.3 159.417 -3.34591
255.4 159.045 -3.71932
255.5 158.635 -4.09268
255.6 158.272 -3.6316
255.7 157.955 -3.17027
255.8 157.684 -2.7087
255.9 157.46 -2.24687
256 157.198 -2.6204
256.1 156.898 -2.9939
256.2 156.561 -3.36735
256.3 156.187 -3.74076
256.4 155.776 -4.11412
256.5 155.411 -3.65179
256.6 155.092 -3.18922
256.7 154.819 -2.7264
256.8 154.593 -2.26332
256.9 154.329 -2.63685
257 154.028 -3.01034
257.1 153.69 -3.3838
257.2 153.314 -3.7572
257.3 152.985 -3.29368
257.4 152.702 -2.82991
257.5 152.465 -2.36588
257.6 152.191 -2.7394
257.7 151.88 -3.11289
257.8 151.531 -3.48633
257.9 151.145 -3.85972
258 150.806 -3.39524
258.1 150.513 -2.93052
258.2 150.266 -2.46554
258.3 150.066 -2.0003
258.4 149.829 -2.37386
258.5 149.554 -2.74738
258.6 149.242 -3.12086
258.7 148.892 -3.4943
258.8 148.506 -3.86769
258.9 148.165 -3.40196
259 147.872 -2.93598
259.1 147.625 -2.46975
259.2 147.425 -2.00325
259.3 147.187 -2.3768
259.4 146.912 -2.75032
259.5 146.599 -3.12381
259.6 146.25 -3.49725
259.7 145.863 -3.87064
259.8 145.522 -3.40365
259.9 145.229 -2.93641
260 144.982 -2.46892
260.1 144.782 -2.00116
260.2 144.544 -2.37471
260.3 144.269 -2.74823
260.4 143.957 -3.12172
260.5 143.608 -3.49516
260.6 143.221 -3.86855
260.7 142.881 -3.4003
260.8 142.588 -2.9318
260.9 142.341 -2.46304
261 142.142 -1.99402
261.1 141.905 -2.36757
261.2 141.631 -2.7411
261.3 141.32 -3.11458
261.4 140.971 -3.48802
261.5 140.585 -3.86141
261.6 140.245 -3.3919
261.7 139.953 -2.92214
261.8 139.708 -2.45211
261.9 139.51 -1.98182
262 139.274 -2.35538
262.1 139.001 -2.7289
262.2 138.691 -3.10239
262.3 138.344 -3.47583
262.4 137.959 -3.84923
262.5 137.621 -3.37844
262.6 137.33 -2.90741
262.7 137.086 -2.43612
262.8 136.89 -1.96456
262.9 136.656 -2.33812
263 136.385 -2.71164
263.1 136.077 -3.08513
263.2 135.731 -3.45858
263.3 135.432 -2.98658
263.4 135.181 -2.51432
263.5 134.976 -2.0418
263.6 134.735 -2.41535
263.7 134.456 -2.78887
263.8 134.14 -3.16235
263.9 133.786 -3.53578
264 133.48 -3.06282
264.1 133.221 -2.58959
264.2 133.009 -2.1161
264.3 132.76 -2.48965
264.4 132.474 -2.86316
264.5 132.15 -3.23663
264.6 131.789 -3.61006
264.7 131.476 -3.13612
264.8 131.21 -2.66193
264.9 130.991 -2.18747
265 130.82 -1.71274
265.1 130.611 -2.08631
265.2 130.365 -2.45986
265.3 130.082 -2.83338
265.4 129.761 -3.20686
265.5 129.403 -3.58029
265.6 129.092 -3.10507
265.7 128.829 -2.6296
265.8 128.614 -2.15386
265.9 128.446 -1.67784
266 128.241 -2.05142
266.1 127.999 -2.42497
266.2 127.719 -2.79849
266.3 127.402 -3.17197
266.4 127.047 -3.54541
266.5 126.74 -3.06891
266.6 126.481 -2.59216
266.7 126.269 -2.11513
266.8 126.106 -1.63783
266.9 125.904 -2.01141
267 125.666 -2.38497
267.1 125.39 -2.75849
267.2 125.077 -3.13198
267.3 124.726 -3.50542
267.4 124.424 -3.02763
267.5 124.169 -2.54959
267.6 123.962 -2.07128
267.7 123.802 -1.59269
267.8 123.606 -1.96627
267.9 123.372 -2.33983
268 123.1 -2.71336
268.1 122.792 -3.08685
268.2 122.446 -3.4603
268.3 122.147 -2.98123
268.4 121.897 -2.5019
268.5 121.695 -2.02229
268.6 121.541 -1.54241
268.7 121.349 -1.916
268.8 121.12 -2.28956
268.9 120.854 -2.66309
269 120.55 -3.03659
269.1 120.209 -3.41004
269.2 119.916 -2.92968
269.3 119.671 -2.44906
269.4 119.475 -1.96816
269.5 119.326 -1.48697
269.6 119.14 -1.86057
269.7 118.916 -2.23414
269.8 118.656 -2.60768
269.9 118.358 -2.98118
270 118.022 -3.35464
270.1 117.735 -2.87298
270.2 117.496 -2.39106
270.3 117.305 -1.90886
270.4 117.162 -1.42638
270.5 116.982 -1.79998
270.6 116.765 -2.17355
270.7 116.51 -2.54709
270.8 116.218 -2.9206
270.9 115.889 -3.29407
271 115.608 -2.81111
271.1 115.375 -2.32789
271.2 115.19 -1.84439
271.3 114.969 -2.21796
271.4 114.709 -2.5915
271.5 114.413 -2.96501
271.6 114.079 -3.33847
271.7 113.794 -2.85453
271.8 113.557 -2.37032
271.9 113.368 -1.88583
272 113.228 -1.40106
272.1 113.05 -1.77466
272.2 112.836 -2.14823
272.3 112.583 -2.52178
272.4 112.294 -2.89529
272.5 111.967 -3.26876
272.6 111.689 -2.78351
272.7 111.459 -2.298
272.8 111.278 -1.8122
272.9 111.145 -1.32612
273 110.975 -1.69972
273.1 110.768 -2.0733
273.2 110.523 -2.44686
273.3 110.241 -2.82037
273.4 109.922 -3.19385
273.5 109.651 -2.7073
273.6 109.429 -2.22047
273.7 109.255 -1.73337
273.8 109.045 -2.10695
273.9 108.797 -2.4805
274 108.511 -2.85401
274.1 108.189 -3.22749
274.2 107.915 -2.73994
274.3 107.689 -2.25212
274.4 107.513 -1.76401
274.5 107.385 -1.27562
274.6 107.22 -1.64923
274.7 107.018 -2.02281
274.8 106.779 -2.39637
274.9 106.502 -2.7699
275 106.187 -3.14338
275.1 105.922 -2.65452
275.2 105.705 -2.16538
275.3 105.538 -1.67596
275.4 105.333 -2.04954
275.5 105.09 -2.4231
275.6 104.811 -2.79662
275.7 104.494 -3.17011
275.8 104.226 -2.68024
275.9 104.007 -2.19011
276 103.837 -1.69969
276.1 103.716 -1.20897
276.2 103.558 -1.58258
276.3 103.362 -1.95617
276.4 103.129 -2.32974
276.5 102.859 -2.70327
276.6 102.551 -3.07676
276.7 102.292 -2.58558
276.8 102.083 -2.09412
276.9 101.923 -1.60237
277 101.725 -1.97596
277.1 101.49 -2.34953
277.2 101.218 -2.72306
277.3 100.908 -3.09655
277.4 100.648 -2.60436
277.5 100.437 -2.1119
277.6 100.275 -1.61915
277.7 100.162 -1.1261
277.8 100.012 -1.49972
277.9 99.8248 -1.87331
278 99.6001 -2.24688
278.1 99.338 -2.62042
278.2 99.0387 -2.99393
278.3 98.7886 -2.50041
278.4 98.588 -2.00662
278.5 98.4367 -1.51254
278.6 98.2481 -1.88614
278.7 98.0221 -2.25971
278.8 97.7588 -2.63325
278.9 97.4581 -3.00675
279 97.2069 -2.51223
279.1 97.0051 -2.01743
279.2 96.8529 -1.52233
279.3 96.6633 -1.89593
279.4 96.4364 -2.2695
279.5 96.1721 -2.64304
279.6 95.8704 -3.01654
279.7 95.6183 -2.52101
279.8 95.4158 -2.02519
279.9 95.2629 -1.52909
280 95.1596 -1.03269
280.1 95.019 -1.40631
280.2 94.841 -1.77991
280.3 94.6256 -2.15349
280.4 94.3729 -2.52704
280.5 94.0829 -2.90055
280.6 93.8425 -2.40369
280.7 93.6519 -1.90654
280.8 93.511 -1.40909
280.9 93.3327 -1.7827
281 93.1171 -2.15628
281.1 92.8641 -2.52982
281.2 92.5737 -2.90334
281.3 92.3332 -2.40546
281.4 92.1425 -1.90729
281.5 92.0016 -1.40883
281.6 91.8233 -1.78243
281.7 91.6077 -2.15601
281.8 91.3548 -2.52956
281.9 91.0645 -2.90307
282 90.8241 -2.40418
282.1 90.6336 -1.90499
282.2 90.493 -1.40551
282.3 90.3151 -1.77912
282.4 90.0998 -2.1527
282.5 89.8472 -2.52625
282.6 89.5572 -2.89976
282.7 89.3172 -2.39984
282.8 89.1273 -1.89964
282.9 88.9874 -1.39914
283 88.8101 -1.77275
283.1 88.5955 -2.14633
283.2 88.3435 -2.51988
283.3 88.0541 -2.89339
283.4 87.8149 -2.39245
283.5 87.6258 -1.89123
283.6 87.4868 -1.38971
283.7 87.398 -0.887876
283.8 87.2719 -1.26151
283.9 87.1083 -1.63512
284 86.9075 -2.00871
284.1 86.6692 -2.38227
284.2 86.3937 -2.7558
284.3 86.1683 -2.25351
284.4 85.9932 -1.75093
284.5 85.8684 -1.24805
284.6 85.7062 -1.62167
284.7 85.5067 -1.99526
284.8 85.2698 -2.36882
284.9 84.9956 -2.74235
285 84.7717 -2.23904
285.1 84.5982 -1.73543
285.2 84.475 -1.23152
285.3 84.3145 -1.60514
285.4 84.1166 -1.97873
285.5 83.8814 -2.3523
285.6 83.6088 -2.72583
285.7 83.3867 -2.22149
285.8 83.215 -1.71685
285.9 83.0938 -1.21191
286 82.9352 -1.58553
286.1 82.7393 -1.95913
286.2 82.506 -2.33269
286.3 82.2354 -2.70623
286.4 82.0153 -2.20085
286.5 81.8458 -1.69519
286.6 81.7269 -1.18922
286.7 81.5706 -1.56284
286.8 81.377 -1.93643
286.9 81.146 -2.31
287 80.8776 -2.68354
287.1 80.6599 -2.17713
287.2 80.4929 -1.67043
287.3 80.3765 -1.16343
287.4 80.2228 -1.53705
287.5 80.0317 -1.91065
287.6 79.8033 -2.28422
287.7 79.5375 -2.65776
287.8 79.3225 -2.15032
287.9 79.1583 -1.64258
288 79.0448 -1.13454
288.1 78.894 -1.50816
288.2 78.7058 -1.88176
288.3 78.4803 -2.25534
288.4 78.2174 -2.62888
288.5 78.0053 -2.1204
288.6 77.8442 -1.61163
288.7 77.7339 -1.10255
288.8 77.5863 -1.47618
288.9 77.4013 -1.84978
289 77.179 -2.22335
289.1 76.9193 -2.5969
289.2 76.7106 -2.08739
289.3 76.5528 -1.57757
289.4 76.4461 -1.06745
289.5 76.302 -1.44108
289.6 76.1205 -1.81468
289.7 75.9017 -2.18826
289.8 75.6455 -2.56181
289.9 75.4404 -2.05125
290 75.2863 -1.5404
290.1 75.1834 -1.02924
290.2 75.0431 -1.40286
290.3 74.8655 -1.77647
290.4 74.6505 -2.15005
290.5 74.3981 -2.5236
290.6 74.1969 -2.01201
290.7 74.0469 -1.50011
290.8 73.9481 -0.987898
290.9 73.8119 -1.36153
291 73.6384 -1.73514
291.1 73.4276 -2.10872
291.2 73.1793 -2.48228
291.3 72.9824 -1.96963
291.4 72.8367 -1.45669
291.5 72.7424 -0.943432
291.6 72.6106 -1.31706
291.7 72.4416 -1.69067
291.8 72.2352 -2.06426
291.9 71.9914 -2.43782
292 71.799 -1.92413
292.1 71.6579 -1.41014
292.2 71.5684 -0.89583
292.3 71.4414 -1.26946
292.4 71.2771 -1.64308
292.5 71.0754 -2.01667
292.6 70.8364 -2.39023
292.7 70.6489 -1.87549
292.8 70.5128 -1.36045
292.9 70.4283 -0.845087
293 70.3064 -1.21872
293.1 70.1472 -1.59234
293.2 69.9506 -1.96594
293.3 69.7167 -2.3395
293.4 69.5343 -1.82371
293.5 69.4035 -1.30761
293.6 69.3244 -0.791196
293.7 69.2079 -1.16483
293.8 69.0541 -1.53845
293.9 68.8629 -1.91205
294 68.6343 -2.28563
294.1 68.3684 -2.65917
294.2 68.1542 -2.14228
294.3 67.9917 -1.6251
294.4 67.8809 -1.1076
294.5 67.8219 -0.589774
294.6 67.7256 -0.963416
294.7 67.5919 -1.33705
294.8 67.4208 -1.71066
294.9 67.2124 -2.08425
295 66.9666 -2.45781
295.1 66.7727 -1.93953
295.2 66.6306 -1.42094
295.3 66.5404 -0.902037
295.4 66.4128 -1.27567
295.5 66.2479 -1.64929
295.6 66.0456 -2.02288
295.7 65.8059 -2.39644
295.8 65.6182 -1.8771
295.9 65.4825 -1.35746
296 65.3987 -0.837489
296.1 65.2776 -1.21113
296.2 65.1191 -1.58474
296.3 64.9233 -1.95834
296.4 64.6901 -2.33191
296.5 64.509 -1.81151
296.6 64.3799 -1.2908
296.7 64.3029 -0.769768
296.8 64.1886 -1.14341
296.9 64.0369 -1.51703
297 63.8478 -1.89063
297.1 63.6214 -2.26421
297.2 63.4471 -1.74274
297.3 63.325 -1.22097
297.4 63.2551 -0.698864
297.5 63.1479 -1.0725
297.6 63.0033 -1.44613
297.7 62.8213 -1.81974
297.8 62.6019 -2.19332
297.9 62.3453 -2.56687
298 62.1408 -2.0443
298.1 61.9887 -1.52143
298.2 61.8889 -0.998232
298.3 61.8414 -0.474707
298.4 61.7566 -0.848354
298.5 61.6344 -1.22199
298.6 61.4748 -1.59561
298.7 61.2779 -1.96921
298.8 61.0436 -2.34278
298.9 60.8617 -1.8188
299 60.7323 -1.2945
299.1 60.6553 -0.769887
299.2 60.5409 -1.14353
299.3 60.3892 -1.51715
299.4 60.2001 -1.89075
299.5 59.9737 -2.26433
299.6 59.7998 -1.73928
299.7 59.6784 -1.21391
299.8 59.6096 -0.688218
299.9 59.5034 -1.06186
300 59.3598 -1.43549
300.1 59.1789 -1.8091
300.2 58.9607 -2.18268
300.3 58.795 -1.65655
300.4 58.682 -1.13011
300.5 58.6217 -0.603338
300.6 58.524 -0.976982
300.7 58.3889 -1.35061
300.8 58.2165 -1.72423
300.9 58.0067 -2.09782
301 57.7596 -2.47137
301.1 57.5651 -1.94414
301.2 57.4235 -1.41659
301.3 57.3346 -0.888713
301.4 57.2986 -0.360502
301.5 57.2251 -0.734151
301.6 57.1144 -1.10779
301.7 56.9662 -1.48142
301.8 56.7807 -1.85502
301.9 56.5579 -2.2286
302 56.3879 -1.69994
302.1 56.2708 -1.17096
302.2 56.2066 -0.641645
302.3 56.1051 -1.01529
302.4 55.9662 -1.38892
302.5 55.7899 -1.76253
302.6 55.5763 -2.13612
302.7 55.4157 -1.60637
302.8 55.3081 -1.07631
302.9 55.2535 -0.545906
303 55.1615 -0.919552
303.1 55.0322 -1.29319
303.2 54.8655 -1.6668
303.3 54.6615 -2.0404
303.4 54.4201 -2.41396
303.5 54.2318 -1.8831
303.6 54.0966 -1.35192
303.7 54.0145 -0.820406
303.8 53.9857 -0.288556
303.9 53.9195 -0.662208
304 53.8159 -1.03585
304.1 53.6749 -1.40948
304.2 53.4966 -1.78309
304.3 53.2809 -2.15668
304.4 53.1185 -1.62438
304.5 53.0093 -1.09175
304.6 52.9535 -0.558792
304.7 52.8602 -0.932438
304.8 52.7296 -1.30607
304.9 52.5616 -1.67969
305 52.3563 -2.05328
305.1 52.2043 -1.51989
305.2 52.1057 -0.986174
305.3 52.0605 -0.452119
305.4 51.9779 -0.825768
305.5 51.858 -1.19941
305.6 51.7007 -1.57303
305.7 51.506 -1.94663
305.8 51.274 -2.3202
305.9 51.0954 -1.78568
306 50.9703 -1.25084
306.1 50.8988 -0.715673
306.2 50.7898 -1.08932
306.3 50.6435 -1.46294
306.4 50.4599 -1.83655
306.5 50.2389 -2.21013
306.6 50.0714 -1.67452
306.7 49.9576 -1.13858
306.8 49.8973 -0.602312
306.9 49.7997 -0.975958
307 49.6648 -1.34959
307.1 49.4925 -1.72321
307.2 49.2828 -2.0968
307.3 49.1268 -1.56009
307.4 49.0245 -1.02305
307.5 48.9759 -0.485676
307.6 48.89 -0.859325
307.7 48.7667 -1.23296
307.8 48.606 -1.60658
307.9 48.408 -1.98018
308 48.2637 -1.44237
308.1 48.1733 -0.904235
308.2 48.1367 -0.365752
308.3 48.0628 -0.739404
308.4 47.9515 -1.11305
308.5 47.8028 -1.48667
308.6 47.6168 -1.86028
308.7 47.3934 -2.23386
308.8 47.2239 -1.69492
308.9 47.1084 -1.15565
309 47.0468 -0.616037
309.1 46.9478 -0.989683
309.2 46.8115 -1.36332
309.3 46.6378 -1.73693
309.4 46.4267 -2.11052
309.5 46.2697 -1.57047
309.6 46.1667 -1.03009
309.7 46.1177 -0.489375
309.8 46.0314 -0.863025
309.9 45.9078 -1.23666
310 45.7467 -1.61028
310.1 45.5483 -1.98388
310.2 45.4041 -1.44273
310.3 45.3139 -0.901241
310.4 45.278 -0.359407
310.5 45.2047 -0.733059
310.6 45.094 -1.1067
310.7 44.946 -1.48033
310.8 44.7606 -1.85394
310.9 44.5378 -2.22752
311 44.3693 -1.68522
311.1 44.2551 -1.14259
311.2 44.1951 -0.599626
311.3 44.0978 -0.973274
311.4 43.9631 -1.34691
311.5 43.791 -1.72052
311.6 43.5816 -2.09411
311.7 43.4265 -1.55071
311.8 43.3259 -1.00696
311.9 43.2796 -0.462878
312 43.1959 -0.836528
312.1 43.0749 -1.21017
312.2 42.9165 -1.58379
312.3 42.7208 -1.95739
312.4 42.5795 -1.41287
312.5 42.4927 -0.86801
312.6 42.4604 -0.322801
312.7 42.3908 -0.696454
312.8 42.2838 -1.0701
312.9 42.1394 -1.44373
313 41.9576 -1.81734
313.1 41.7386 -2.19092
313.2 41.574 -1.64525
313.3 41.4641 -1.09924
313.4 41.4088 -0.552894
313.5 41.3162 -0.926543
313.6 41.1861 -1.30018
313.7 41.0188 -1.6738
313.8 40.814 -2.04739
313.9 40.664 -1.5006
314 40.5686 -0.953473
314.1 40.528 -0.405996
314.2 40.4501 -0.779648
314.3 40.3347 -1.15329
314.4 40.182 -1.52692
314.5 39.992 -1.90052
314.6 39.8567 -1.35261
314.7 39.7763 -0.804354
314.8 39.7507 -0.255746
314.9 39.6878 -0.629401
315 39.5875 -1.00305
315.1 39.4498 -1.37668
315.2 39.2748 -1.7503
315.3 39.0624 -2.12389
315.4 38.9049 -1.57481
315.5 38.8024 -1.02541
315.6 38.7548 -0.475651
315.7 38.6699 -0.849302
315.8 38.5476 -1.22294
315.9 38.3879 -1.59657
316 38.1909 -1.97017
316.1 38.0489 -1.41997
316.2 37.962 -0.86943
316.3 37.9301 -0.318539
316.4 37.8609 -0.692193
316.5 37.7543 -1.06584
316.6 37.6103 -1.43947
316.7 37.429 -1.81308
316.8 37.3029 -1.26175
316.9 37.2319 -0.71008
317 37.2161 -0.158049
317.1 37.1629 -0.531705
317.2 37.0723 -0.905355
317.3 36.9444 -1.27899
317.4 36.7792 -1.65261
317.5 36.5766 -2.02621
317.6 36.4292 -1.47372
317.7 36.3371 -0.920886
317.8 36.3003 -0.367699
317.9 36.2262 -0.741353
318 36.1147 -1.115
318.1 35.9658 -1.48863
318.2 35.7796 -1.86224
318.3 35.6487 -1.30861
318.4 35.5733 -0.754636
318.5 35.5533 -0.200304
318.6 35.4959 -0.573961
318.7 35.4011 -0.94761
318.8 35.269 -1.32125
318.9 35.0995 -1.69487
319 34.8926 -2.06846
319.1 34.7413 -1.51366
319.2 34.6454 -0.958525
319.3 34.6051 -0.403033
319.4 34.5275 -0.776686
319.5 34.4124 -1.15033
319.6 34.26 -1.52396
319.7 34.0703 -1.89756
319.8 33.9361 -1.34163
319.9 33.8576 -0.785345
320 33.8347 -0.228703
320.1 33.7745 -0.602359
320.2 33.6769 -0.976009
320.3 33.5419 -1.34965
320.4 33.3696 -1.72326
320.5 33.253 -1.16618
320.6 33.1921 -0.608751
320.7 33.187 -0.0509548
320.8 33.1445 -0.424612
320.9 33.0647 -0.798266
321 32.9475 -1.17191
321.1 32.7929 -1.54554
321.2 32.601 -1.91914
321.3 32.4649 -1.36088
321.4 32.3847 -0.802281
321.5 32.3604 -0.243317
321.6 32.2987 -0.616974
321.7 32.1996 -0.990623
321.8 32.0632 -1.36426
321.9 31.8894 -1.73788
322 31.7716 -1.17847
322.1 31.7097 -0.618713
322.2 31.7038 -0.0585894
322.3 31.6606 -0.432247
322.4 31.58 -0.805901
322.5 31.4621 -1.17954
322.6 31.3067 -1.55317
322.7 31.1141 -1.92678
322.8 30.9775 -1.36619
322.9 30.8969 -0.805254
323 30.8725 -0.243957
323.1 30.8108 -0.617614
323.2 30.7116 -0.991263
323.3 30.5752 -1.3649
323.4 30.4013 -1.73852
323.5 30.2836 -1.17678
323.6 30.2222 -0.614681
323.7 30.2169 -0.0522189
323.8 30.1743 -0.425877
323.9 30.0944 -0.799531
324 29.9771 -1.17318
324.1 29.8224 -1.5468
324.2 29.6304 -1.92041
324.3 29.4946 -1.35748
324.4 29.4152 -0.794203
324.5 29.3921 -0.230561
324.6 29.3317 -0.604218
324.7 29.2339 -0.977869
324.8 29.0988 -1.35151
324.9 28.9263 -1.72512
325 28.8102 -1.16104
325.1 28.7505 -0.596595
325.2 28.7473 -0.0317821
325.3 28.7068 -0.405441
325.4 28.6289 -0.779095
325.5 28.5136 -1.15274
325.6 28.361 -1.52637
325.7 28.171 -1.89998
325.8 28.0375 -1.3347
325.9 27.9606 -0.769067
326 27.9403 -0.203069
326.1 27.8826 -0.576727
326.2 27.7876 -0.950378
326.3 27.6552 -1.32402
326.4 27.4854 -1.69764
326.5 27.3723 -1.13119
326.6 27.3158 -0.564392
326.7 27.3161 0.00278287
326.8 27.279 -0.370876
326.9 27.2046 -0.744532
327 27.0928 -1.11818
327.1 26.9436 -1.49181
327.2 26.757 -1.86542
327.3 26.6273 -1.29778
327.4 26.5543 -0.729783
327.5 26.5381 -0.161418
327.6 26.4846 -0.535076
327.7 26.3938 -0.908729
327.8 26.2655 -1.28237
327.9 26.0999 -1.65599
328 25.9912 -1.08718
328.1 25.9394 -0.518009
328.2 25.9446 0.051539
328.3 25.9123 -0.32212
328.4 25.8428 -0.695777
328.5 25.7358 -1.06943
328.6 25.5915 -1.44306
328.7 25.4099 -1.81667
328.8 25.2852 -1.24666
328.9 25.2176 -0.676287
329 25.207 -0.105543
329.1 25.1591 -0.479202
329.2 25.0738 -0.852857
329.3 24.9511 -1.2265
329.4 24.7911 -1.60013
329.5 24.6882 -1.02894
329.6 24.6425 -0.457382
329.7 24.654 0.114551
329.8 24.628 -0.259109
329.9 24.5648 -0.632767
330 24.4641 -1.00642
330.1 24.3261 -1.38005
330.2 24.1508 -1.75367
330.3 24.0326 -1.18127
330.4 23.9718 -0.608516
330.5 23.9682 -0.035381
330.6 23.9273 -0.409041
330.7 23.8491 -0.782696
330.8 23.7334 -1.15634
330.9 23.5804 -1.52997
331 23.3901 -1.90358
331.1 23.2571 -1.32997
331.2 23.1815 -0.756004
331.3 23.1633 -0.181664
331.4 23.1078 -0.555323
331.5 23.0149 -0.928976
331.6 22.8846 -1.30262
331.7 22.717 -1.67624
331.8 22.6069 -1.10145
331.9 22.5542 -0.52629
332 22.5591 0.0492476
332.1 22.5267 -0.324412
332.2 22.4569 -0.69807
332.3 22.3497 -1.07172
332.4 22.2052 -1.44535
332.5 22.0233 -1.81897
332.6 21.899 -1.24296
332.7 21.8323 -0.666588
332.8 21.8234 -0.0898394
332.9 21.777 -0.463499
333 21.6933 -0.837154
333.1 21.5722 -1.2108
333.2 21.4138 -1.58443
333.3 21.313 -1.00723
333.4 21.2701 -0.429661
333.5 21.2849 0.148292
333.6 21.2624 -0.225369
333.7 21.2025 -0.599028
333.8 21.1052 -0.97268
333.9 20.9706 -1.34632
334 20.7986 -1.71994
334.1 20.6844 -1.14152
334.2 20.6282 -0.562733
334.3 20.6298 0.0164355
334.4 20.5941 -0.357225
334.5 20.521 -0.730882
334.6 20.4105 -1.10453
334.7 20.2627 -1.47816
334.8 20.0775 -1.85177
334.9 19.9503 -1.27213
335 19.8811 -0.692122
335.1 19.8699 -0.111733
335.2 19.8214 -0.485394
335.3 19.7355 -0.859049
335.4 19.6122 -1.23269
335.5 19.4516 -1.60632
335.6 19.349 -1.02548
335.7 19.3046 -0.444263
335.8 19.3184 0.137339
335.9 19.2947 -0.236322
336 19.2337 -0.609982
336.1 19.1354 -0.983634
336.2 18.9996 -1.35727
336.3 18.8265 -1.73089
336.4 18.7117 -1.14882
336.5 18.655 -0.566378
336.6 18.6567 0.0164487
336.7 18.6209 -0.357212
336.8 18.5479 -0.73087
336.9 18.4374 -1.10452
337 18.2896 -1.47815
337.1 18.2001 -0.894874
337.2 18.169 -0.31122
337.3 18.1963 0.272827
337.4 18.1862 -0.100836
337.5 18.1387 -0.474496
337.6 18.0539 -0.848152
337.7 17.9317 -1.2218
337.8 17.7722 -1.59542
337.9 17.6711 -1.01091
338 17.6285 -0.426024
338.1 17.6444 0.159254
338.2 17.623 -0.214408
338.3 17.5642 -0.588068
338.4 17.468 -0.961721
338.5 17.3345 -1.33536
338.6 17.1636 -1.70898
338.7 17.0513 -1.12323
338.8 16.9975 -0.537107
338.9 17.0025 0.0494047
339 16.9701 -0.324256
339.1 16.9003 -0.697915
339.2 16.7931 -1.07157
339.3 16.6486 -1.4452
339.4 16.5628 -0.858236
339.5 16.5357 -0.27089
339.6 16.5674 0.316852
339.7 16.5617 -0.0568113
339.8 16.5186 -0.430472
339.9 16.4382 -0.804129
340 16.3204 -1.17778
340.1 16.1653 -1.55141
340.2 16.069 -0.963197
340.3 16.0315 -0.37461
340.4 16.053 0.214372
340.5 16.037 -0.15929
340.6 15.9837 -0.532951
340.7 15.8931 -0.906606
340.8 15.765 -1.28025
340.9 15.5997 -1.65387
341 15.4932 -1.06442
341.1 15.4458 -0.474585
341.2 15.4573 0.11564
341.3 15.4315 -0.258021
341.4 15.3684 -0.631681
341.5 15.2678 -1.00533
341.6 15.1299 -1.37897
341.7 14.9547 -1.75259
341.8 14.8385 -1.16188
341.9 14.7814 -0.570804
342 14.7835 0.0206686
342.1 14.7482 -0.352993
342.2 14.6755 -0.726652
342.3 14.5655 -1.1003
342.4 14.4181 -1.47394
342.5 14.3299 -0.882005
342.6 14.3009 -0.28969
342.7 14.3312 0.303025
342.8 14.3241 -0.0706391
342.9 14.2797 -0.444301
343 14.1979 -0.817958
343.1 14.0788 -1.1916
343.2 13.9222 -1.56523
343.3 13.825 -0.972047
343.4 13.7872 -0.378479
343.5 13.8087 0.215488
343.6 13.7929 -0.158175
343.7 13.7397 -0.531836
343.8 13.6492 -0.905491
343.9 13.5213 -1.27913
344 13.356 -1.65276
344.1 13.2502 -1.05831
344.2 13.2038 -0.463488
344.3 13.217 0.131736
344.4 13.1928 -0.241927
344.5 13.1312 -0.615587
344.6 13.0323 -0.989241
344.7 12.896 -1.36288
344.8 12.7224 -1.7365
344.9 12.6083 -1.14079
345 12.5538 -0.544706
345.1 12.559 0.0517768
345.2 12.5268 -0.321885
345.3 12.4573 -0.695545
345.4 12.3503 -1.0692
345.5 12.2061 -1.44283
345.6 12.1215 -0.845888
345.7 12.0966 -0.248555
345.8 12.1315 0.349183
345.9 12.1291 -0.0244817
346 12.0893 -0.398144
346.1 12.0121 -0.771802
346.2 11.8975 -1.14545
346.3 11.7456 -1.51908
346.4 11.6535 -0.920871
346.5 11.6213 -0.322272
346.6 11.649 0.276731
346.7 11.6393 -0.096933
346.8 11.5922 -0.470595
346.9 11.5078 -0.844252
347 11.386 -1.2179
347.1 11.2269 -1.59153
347.2 11.1277 -0.992044
347.3 11.0884 -0.392176
347.4 11.1093 0.208096
347.5 11.0927 -0.165567
347.6 11.0388 -0.539229
347.7 10.9475 -0.912884
347.8 10.8188 -1.28653
347.9 10.6528 -1.66015
348 10.5469 -1.0594
348.1 10.5011 -0.458255
348.2 10.5154 0.14329
348.3 10.4923 -0.230373
348.4 10.4319 -0.604035
348.5 10.3342 -0.977689
348.6 10.199 -1.35133
348.7 10.1241 -0.749323
348.8 10.1094 -0.146922
348.9 10.155 0.455892
349 10.1632 0.0822248
349.1 10.1341 -0.291438
349.2 10.0676 -0.665099
349.3 9.9637 -1.03875
349.4 9.82246 -1.41239
349.5 9.74155 -0.809103
349.6 9.72101 -0.205423
349.7 9.76087 0.398669
349.8 9.76337 0.0250022
349.9 9.72851 -0.348661
350 9.65628 -0.72232
350.1 9.54668 -1.09597
350.2 9.39972 -1.46961
350.3 9.31322 -0.865038
350.4 9.28721 -0.260076
350.5 9.32174 0.345297
350.6 9.3189 -0.0283684
350.7 9.2787 -0.402031
350.8 9.20113 -0.77569
350.9 9.08619 -1.14934
351 8.9339 -1.52297
351.1 8.84219 -0.917118
351.2 8.8111 -0.310871
351.3 8.84068 0.295788
351.4 8.83289 -0.0778774
351.5 8.78774 -0.45154
351.6 8.70522 -0.825198
351.7 8.58533 -1.19885
351.8 8.42808 -1.57247
351.9 8.33155 -0.965332
352 8.29577 -0.357797
352.1 8.32079 0.25015
352.2 8.30843 -0.123515
352.3 8.25872 -0.497178
352.4 8.17163 -0.870835
352.5 8.04719 -1.24448
352.6 7.88537 -1.61811
352.7 7.78441 -1.00967
352.8 7.74432 -0.400845
352.9 7.76516 0.208393
353 7.74863 -0.165271
353.1 7.69474 -0.538934
353.2 7.60348 -0.91259
353.3 7.47486 -1.28623
353.4 7.40721 -0.67653
353.5 7.40056 -0.066422
353.6 7.45497 0.544107
353.7 7.47202 0.170437
353.8 7.4517 -0.203227
353.9 7.39401 -0.57689
354 7.29895 -0.950545
354.1 7.16653 -1.32419
354.2 7.09522 -0.713185
354.3 7.08504 -0.10178
354.4 7.13604 0.510047
354.5 7.14968 0.136378
354.6 7.12595 -0.237286
354.7 7.06486 -0.610948
354.8 6.9664 -0.984603
354.9 6.83057 -1.35824
355 6.75598 -0.74594
355.1 6.74265 -0.133234
355.2 6.79064 0.479894
355.3 6.80127 0.106226
355.4 6.77452 -0.267438
355.5 6.71041 -0.6411
355.6 6.60894 -1.01475
355.7 6.4701 -1.38839
355.8 6.39262 -0.774785
355.9 6.37654 -0.160774
356 6.42191 0.453659
356.1 6.42991 0.0799905
356.2 6.40054 -0.293673
356.3 6.33381 -0.667334
356.4 6.22971 -1.04099
356.5 6.08824 -1.41463
356.6 6.00827 -0.79971
356.7 5.98983 -0.184392
356.8 6.03297 0.43135
356.9 6.03874 0.0576816
357 6.00714 -0.315982
357.1 5.93818 -0.689643
357.2 5.83185 -1.0633
357.3 5.68815 -1.43693
357.4 5.60608 -0.820707
357.5 5.58567 -0.204077
357.6 5.62697 0.412976
357.7 5.6309 0.0393087
357.8 5.59747 -0.334355
357.9 5.52667 -0.708016
358 5.4185 -1.08167
358.1 5.27297 -1.4553
358.2 5.18919 -0.837764
358.3 5.16721 -0.219819
358.4 5.20706 0.398549
358.5 5.20955 0.0248812
358.6 5.17467 -0.348783
358.7 5.10243 -0.722443
358.8 4.99282 -1.09609
358.9 4.84585 -1.46973
359 4.76076 -0.850873
359.1 4.7376 -0.231611
359.2 4.77641 0.388076
359.3 4.77785 0.0144087
359.4 4.74192 -0.359255
359.5 4.66863 -0.732916
359.6 4.55797 -1.10657
359.7 4.40995 -1.4802
359.8 4.32395 -0.860024
359.9 4.30001 -0.239441
360 4.33816 0.381568
360.1 4.33895 0.00790085
360.2 4.30238 -0.365763
360.3 4.22844 -0.739424
360.4 4.11713 -1.11307
360.5 3.96846 -1.48671
360.6 3.88194 -0.865208
360.7 3.85761 -0.2433
360.8 3.89551 0.379035
360.9 3.89605 0.00536721
361 3.85922 -0.368297
361.1 3.78502 -0.741958
361.2 3.67346 -1.11561
361.3 3.52454 -1.48924
361.4 3.43789 -0.866415
361.5 3.41358 -0.243179
361.6 3.45163 0.380485
361.7 3.45231 0.00681739
361.8 3.41562 -0.366847
361.9 3.34157 -0.740508
362 3.23016 -1.11416
362.1 3.08138 -1.48779
362.2 2.99501 -0.863635
362.3 2.97111 -0.239067
362.4 3.0097 0.385929
362.5 3.01093 0.0122611
362.6 2.97478 -0.361403
362.7 2.90128 -0.735064
362.8 2.79041 -1.10872
362.9 2.64217 -1.48235
363 2.55649 -0.856859
363.1 2.53339 -0.230956
363.2 2.57293 0.395376
363.3 2.5751 0.0217079
363.4 2.5399 -0.351956
363.5 2.46734 -0.725618
363.6 2.35741 -1.09927
363.7 2.21012 -1.4729
363.8 2.12552 -0.846076
363.9 2.10363 -0.218836
364 2.14452 0.408836
364.1 2.14803 0.0351678
364.2 2.11418 -0.338497
364.3 2.04297 -0.712158
364.4 1.93439 -1.08581
364.5 1.78844 -1.45945
364.6 1.70531 -0.831278
364.7 1.68504 -0.202696
364.8 1.72768 0.426319
364.9 1.73294 0.0526504
365 1.70084 -0.321014
365.1 1.63137 -0.694676
365.2 1.52454 -1.06833
365.3 1.38034 -1.44197
365.4 1.2991 -0.812454
365.5 1.28084 -0.182527
365.6 1.32563 0.447835
365.7 1.33304 0.0741657
365.8 1.30309 -0.299499
365.9 1.23578 -0.673161
366 1.1311 -1.04682
366.1 0.989052 -1.42045
366.2 0.910092 -0.789595
366.3 0.894261 -0.158319
366.4 0.9416 0.473394
366.5 0.951572 0.0997236
366.6 0.924178 -0.273941
366.7 0.859418 -0.647604
366.8 0.757292 -1.02126
366.9 0.617802 -1.3949
367 0.541533 -0.762689
367.1 0.528527 -0.130061
367.2 0.578827 0.503005
367.3 0.591761 0.129334
367.4 0.567328 -0.244331
367.5 0.505528 -0.617994
